50 3
0 0 0.00
0 1 170.62
0 2 115.60
0 3 106.84
0 4 153.97
0 5 93.00
0 6 85.29
0 7 99.02
0 8 173.10
0 9 135.78
0 10 16.04
0 11 117.29
0 12 152.71
0 13 96.90
0 14 92.43
0 15 83.72
0 16 97.98
0 17 88.85
0 18 96.04
0 19 157.33
0 20 97.63
0 21 91.13
0 22 100.36
0 23 21.10
0 24 167.74
0 25 129.05
0 26 40.07
0 27 81.46
0 28 183.58
0 29 120.34
0 30 32.57
0 31 89.03
0 32 108.72
0 33 141.84
0 34 158.16
0 35 122.07
0 36 151.40
0 37 106.91
0 38 17.69
0 39 88.73
0 40 122.78
0 41 168.30
0 42 187.54
0 43 90.19
0 44 126.72
0 45 156.78
0 46 81.73
0 47 70.29
0 48 102.80
0 49 122.08
1 0 170.62
1 1 0.00
1 2 101.58
1 3 111.29
1 4 103.36
1 5 77.62
1 6 124.35
1 7 101.65
1 8 45.42
1 9 73.86
1 10 163.62
1 11 92.92
1 12 44.13
1 13 128.93
1 14 95.41
1 15 86.90
1 16 72.64
1 17 128.74
1 18 94.43
1 19 106.73
1 20 95.91
1 21 79.49
1 22 118.20
1 23 153.36
1 24 14.33
1 25 84.02
1 26 142.49
1 27 89.28
1 28 35.74
1 29 86.63
1 30 138.05
1 31 82.38
1 32 61.90
1 33 49.19
1 34 107.55
1 35 91.59
1 36 100.80
1 37 110.63
1 38 152.93
1 39 81.90
1 40 109.78
1 41 47.98
1 42 53.18
1 43 88.36
1 44 92.42
1 45 13.84
1 46 97.50
1 47 122.61
1 48 117.54
1 49 90.59
2 0 115.60
2 1 101.58
2 2 0.00
2 3 116.20
2 4 98.45
2 5 85.67
2 6 50.62
2 7 27.92
2 8 85.62
2 9 96.80
2 10 99.56
2 11 115.87
2 12 72.51
2 13 55.21
2 14 23.17
2 15 125.40
2 16 99.92
2 17 55.01
2 18 107.51
2 19 104.50
2 20 106.33
2 21 103.38
2 22 44.47
2 23 136.56
2 24 113.68
2 25 106.96
2 26 134.07
2 27 106.74
2 28 87.90
2 29 109.57
2 30 122.72
2 31 79.48
2 32 136.74
2 33 62.05
2 34 102.64
2 35 10.24
2 36 95.89
2 37 115.54
2 38 101.32
2 39 117.88
2 40 132.73
2 41 85.25
2 42 90.64
2 43 98.30
2 44 14.77
2 45 101.98
2 46 108.48
2 47 48.88
2 48 122.45
2 49 113.53
3 0 106.84
3 1 111.29
3 2 116.20
3 3 0.00
3 4 214.66
3 5 62.24
3 6 117.74
3 7 94.52
3 8 156.71
3 9 182.31
3 10 90.80
3 11 177.34
3 12 78.33
3 13 129.35
3 14 109.17
3 15 80.49
3 16 53.04
3 17 122.31
3 18 16.86
3 19 218.02
3 20 15.38
3 21 34.55
3 22 99.37
3 23 127.80
3 24 96.96
3 25 180.34
3 26 125.31
3 27 28.05
3 28 147.03
3 29 181.01
3 30 113.96
3 31 54.63
3 32 75.14
3 33 70.85
3 34 218.85
3 35 109.97
3 36 212.09
3 37 3.58
3 38 92.56
3 39 61.97
3 40 183.47
3 41 89.71
3 42 164.48
3 43 28.68
3 44 101.43
3 45 103.81
3 46 25.11
3 47 111.00
3 48 22.03
3 49 182.77
4 0 153.97
4 1 103.36
4 2 98.45
4 3 214.66
4 4 0.00
4 5 152.41
4 6 101.42
4 7 121.94
4 8 59.28
4 9 43.24
4 10 161.86
4 11 48.78
4 12 136.33
4 13 93.94
4 14 105.48
4 15 147.78
4 16 161.62
4 17 92.34
4 18 197.79
4 19 18.62
4 20 199.28
4 21 180.11
4 22 134.98
4 23 136.84
4 24 117.69
4 25 48.64
4 26 147.44
4 27 186.61
4 28 67.62
4 29 41.87
4 30 142.46
4 31 160.03
4 32 139.51
4 33 143.81
4 34 13.83
4 35 104.68
4 36 13.11
4 37 213.99
4 38 147.85
4 39 153.77
4 40 53.41
4 41 137.33
4 42 65.30
4 43 185.98
4 44 113.22
4 45 110.84
4 46 196.84
4 47 103.66
4 48 220.90
4 49 34.05
5 0 93.00
5 1 77.62
5 2 85.67
5 3 62.24
5 4 152.41
5 5 0.00
5 6 96.74
5 7 73.53
5 8 94.46
5 9 120.06
5 10 86.00
5 11 115.10
5 12 59.71
5 13 108.35
5 14 77.15
5 15 53.65
5 16 14.25
5 17 100.30
5 18 45.38
5 19 155.78
5 20 46.87
5 21 27.70
5 22 78.37
5 23 100.96
5 24 74.74
5 25 118.09
5 26 98.47
5 27 34.19
5 28 90.57
5 29 118.76
5 30 87.12
5 31 9.04
5 32 51.08
5 33 61.85
5 34 156.60
5 35 75.67
5 36 149.85
5 37 61.58
5 38 75.31
5 39 35.13
5 40 121.23
5 41 75.30
5 42 102.23
5 43 33.57
5 44 76.51
5 45 63.78
5 46 44.43
5 47 81.74
5 48 68.49
5 49 120.53
6 0 85.29
6 1 124.35
6 2 50.62
6 3 117.74
6 4 101.42
6 5 96.74
6 6 0.00
6 7 23.22
6 8 126.82
6 9 89.50
6 10 84.15
6 11 86.20
6 12 106.44
6 13 11.61
6 14 28.94
6 15 136.48
6 16 111.00
6 17 9.90
6 18 118.59
6 19 104.78
6 20 117.41
6 21 114.46
6 22 33.56
6 23 106.39
6 24 124.76
6 25 86.06
6 26 125.37
6 27 117.81
6 28 137.30
6 29 79.29
6 30 113.49
6 31 90.56
6 32 147.82
6 33 93.56
6 34 105.61
6 35 60.86
6 36 98.85
6 37 114.16
6 38 82.60
6 39 128.95
6 40 96.14
6 41 122.03
6 42 141.26
6 43 109.38
6 44 56.13
6 45 113.06
6 46 119.56
6 47 15.01
6 48 119.49
6 49 76.95
7 0 99.02
7 1 101.65
7 2 27.92
7 3 94.52
7 4 121.94
7 5 73.53
7 6 23.22
7 7 0.00
7 8 104.13
7 9 89.59
7 10 82.98
7 11 99.29
7 12 83.74
7 13 34.82
7 14 16.45
7 15 113.27
7 16 87.78
7 17 29.91
7 18 95.37
7 19 125.31
7 20 94.19
7 21 91.24
7 22 16.55
7 23 119.98
7 24 101.54
7 25 90.39
7 26 117.49
7 27 94.60
7 28 114.60
7 29 93.00
7 30 106.15
7 31 67.34
7 32 124.61
7 33 70.86
7 34 126.13
7 35 38.16
7 36 119.37
7 37 92.06
7 38 84.74
7 39 105.74
7 40 116.15
7 41 99.33
7 42 118.57
7 43 86.16
7 44 33.43
7 45 89.84
7 46 96.34
7 47 31.03
7 48 98.97
7 49 96.95
8 0 173.10
8 1 45.42
8 2 85.62
8 3 156.71
8 4 59.28
8 5 94.46
8 6 126.82
8 7 104.13
8 8 0.00
8 9 46.88
8 10 166.09
8 11 65.94
8 12 78.38
8 13 131.41
8 14 97.89
8 15 89.84
8 16 103.67
8 17 131.21
8 18 139.85
8 19 61.32
8 20 141.33
8 21 122.16
8 22 120.67
8 23 155.83
8 24 59.74
8 25 57.04
8 26 144.97
8 27 128.66
8 28 17.87
8 29 59.65
8 30 140.53
8 31 102.08
8 32 81.56
8 33 85.86
8 34 73.11
8 35 75.63
8 36 55.38
8 37 156.04
8 38 155.40
8 39 95.82
8 40 82.80
8 41 79.38
8 42 18.60
8 43 128.03
8 44 76.47
8 45 52.90
8 46 138.89
8 47 125.08
8 48 162.95
8 49 63.61
9 0 135.78
9 1 73.86
9 2 96.80
9 3 182.31
9 4 43.24
9 5 120.06
9 6 89.50
9 7 89.59
9 8 46.88
9 9 0.00
9 10 129.51
9 11 19.06
9 12 117.98
9 13 94.09
9 14 73.63
9 15 115.43
9 16 129.27
9 17 93.90
9 18 165.45
9 19 35.72
9 20 166.93
9 21 147.76
9 22 102.63
9 23 118.51
9 24 85.34
9 25 10.16
9 26 115.09
9 27 154.26
9 28 64.75
9 29 15.44
9 30 110.12
9 31 127.68
9 32 107.16
9 33 123.05
9 34 57.07
9 35 103.28
9 36 33.94
9 37 181.64
9 38 118.08
9 39 121.42
9 40 35.92
9 41 121.84
9 42 65.47
9 43 153.63
9 44 107.92
9 45 78.49
9 46 164.49
9 47 87.76
9 48 188.55
9 49 25.45
10 0 16.04
10 1 163.62
10 2 99.56
10 3 90.80
10 4 161.86
10 5 86.00
10 6 84.15
10 7 82.98
10 8 166.09
10 9 129.51
10 10 0.00
10 11 124.55
10 12 145.71
10 13 95.76
10 14 76.39
10 15 76.71
10 16 90.97
10 17 87.72
10 18 80.00
10 19 165.23
10 20 81.59
10 21 84.13
10 22 84.32
10 23 37.00
10 24 160.74
10 25 127.54
10 26 41.21
10 27 74.34
10 28 176.57
10 29 128.21
10 30 29.33
10 31 81.23
10 32 101.71
10 33 132.83
10 34 166.05
10 35 106.04
10 36 159.29
10 37 90.87
10 38 14.01
10 39 81.72
10 40 130.67
10 41 161.30
10 42 180.53
10 43 75.26
10 44 110.68
10 45 149.78
10 46 66.12
10 47 69.15
10 48 86.76
10 49 129.98
11 0 117.29
11 1 92.92
11 2 115.87
11 3 177.34
11 4 48.78
11 5 115.10
11 6 86.20
11 7 99.29
11 8 65.94
11 9 19.06
11 10 124.55
11 11 0.00
11 12 137.05
11 13 97.81
11 14 92.69
11 15 110.47
11 16 124.31
11 17 89.76
11 18 160.48
11 19 40.68
11 20 161.97
11 21 142.79
11 22 100.62
11 23 100.03
11 24 92.27
11 25 11.76
11 26 110.13
11 27 149.29
11 28 83.81
11 29 6.91
11 30 105.15
11 31 122.72
11 32 102.20
11 33 142.11
11 34 62.61
11 35 122.34
11 36 39.49
11 37 176.68
11 38 110.54
11 39 116.46
11 40 16.86
11 41 140.90
11 42 84.54
11 43 148.66
11 44 126.99
11 45 86.16
11 46 159.53
11 47 71.19
11 48 183.59
11 49 14.73
12 0 152.71
12 1 44.13
12 2 72.51
12 3 78.33
12 4 136.33
12 5 59.71
12 6 106.44
12 7 83.74
12 8 78.38
12 9 117.98
12 10 145.71
12 11 137.05
12 12 0.00
12 13 111.03
12 14 77.50
12 15 110.43
12 16 56.85
12 17 110.83
12 18 67.21
12 19 139.70
12 20 68.28
12 21 61.58
12 22 100.29
12 23 157.74
12 24 44.78
12 25 128.15
12 26 155.25
12 27 71.37
12 28 68.71
12 29 130.76
12 30 143.91
12 31 64.47
12 32 105.04
12 33 12.88
12 34 140.52
12 35 62.52
12 36 133.76
12 37 77.66
12 38 135.02
12 39 91.91
12 40 153.91
12 41 15.59
12 42 86.15
12 43 70.45
12 44 63.35
12 45 50.89
12 46 79.59
12 47 104.70
12 48 96.14
12 49 134.71
13 0 96.90
13 1 128.93
13 2 55.21
13 3 129.35
13 4 93.94
13 5 108.35
13 6 11.61
13 7 34.82
13 8 131.41
13 9 94.09
13 10 95.76
13 11 97.81
13 12 111.03
13 13 0.00
13 14 33.52
13 15 148.09
13 16 122.61
13 17 9.46
13 18 130.19
13 19 97.50
13 20 129.02
13 21 126.07
13 22 41.03
13 23 118.00
13 24 136.37
13 25 97.67
13 26 136.97
13 27 129.42
13 28 141.89
13 29 90.90
13 30 125.10
13 31 102.17
13 32 159.43
13 33 98.15
13 34 98.13
13 35 65.45
13 36 96.49
13 37 125.77
13 38 94.21
13 39 140.56
13 40 102.44
13 41 126.62
13 42 145.85
13 43 120.98
13 44 60.72
13 45 124.67
13 46 131.17
13 47 26.62
13 48 126.96
13 49 83.08
14 0 92.43
14 1 95.41
14 2 23.17
14 3 109.17
14 4 105.48
14 5 77.15
14 6 28.94
14 7 16.45
14 8 97.89
14 9 73.63
14 10 76.39
14 11 92.69
14 12 77.50
14 13 33.52
14 14 0.00
14 15 116.88
14 16 91.40
14 17 33.33
14 18 98.99
14 19 108.85
14 20 97.81
14 21 94.86
14 22 29.49
14 23 113.39
14 24 105.16
14 25 83.79
14 26 110.90
14 27 98.22
14 28 108.36
14 29 86.40
14 30 99.55
14 31 70.96
14 32 128.22
14 33 64.62
14 34 109.67
14 35 31.92
14 36 102.92
14 37 108.51
14 38 78.15
14 39 109.36
14 40 109.55
14 41 93.09
14 42 112.33
14 43 89.78
14 44 34.29
14 45 93.46
14 46 99.96
14 47 27.20
14 48 115.42
14 49 90.36
15 0 83.72
15 1 86.90
15 2 125.40
15 3 80.49
15 4 147.78
15 5 53.65
15 6 136.48
15 7 113.27
15 8 89.84
15 9 115.43
15 10 76.71
15 11 110.47
15 12 110.43
15 13 148.09
15 14 116.88
15 15 0.00
15 16 53.58
15 17 140.04
15 18 69.69
15 19 151.15
15 20 71.28
15 21 61.76
15 22 118.11
15 23 66.45
15 24 84.03
15 25 113.47
15 26 55.59
15 27 55.12
15 28 99.86
15 29 114.14
15 30 51.15
15 31 62.69
15 32 25.00
15 33 115.49
15 34 151.97
15 35 115.41
15 36 145.22
15 37 80.56
15 38 66.02
15 39 18.52
15 40 116.60
15 41 114.29
15 42 103.82
15 43 63.84
15 44 116.25
15 45 73.06
15 46 55.39
15 47 121.47
15 48 76.45
15 49 115.90
16 0 97.98
16 1 72.64
16 2 99.92
16 3 53.04
16 4 161.62
16 5 14.25
16 6 111.00
16 7 87.78
16 8 103.67
16 9 129.27
16 10 90.97
16 11 124.31
16 12 56.85
16 13 122.61
16 14 91.40
16 15 53.58
16 16 0.00
16 17 114.56
16 18 36.18
16 19 164.99
16 20 37.66
16 21 18.49
16 22 92.63
16 23 100.89
16 24 69.76
16 25 127.30
16 26 98.40
16 27 24.99
16 28 94.00
16 29 127.97
16 30 87.05
16 31 20.44
16 32 48.19
16 33 61.91
16 34 165.81
16 35 89.93
16 36 159.05
16 37 52.37
16 38 80.29
16 39 35.06
16 40 130.43
16 41 70.33
16 42 111.44
16 43 24.36
16 44 90.76
16 45 58.80
16 46 35.22
16 47 95.99
16 48 59.29
16 49 129.74
17 0 88.85
17 1 128.74
17 2 55.01
17 3 122.31
17 4 92.34
17 5 100.30
17 6 9.90
17 7 29.91
17 8 131.21
17 9 93.90
17 10 87.72
17 11 89.76
17 12 110.83
17 13 9.46
17 14 33.33
17 15 140.04
17 16 114.56
17 17 0.00
17 18 122.15
17 19 97.30
17 20 120.97
17 21 118.02
17 22 42.64
17 23 109.95
17 24 128.32
17 25 89.62
17 26 128.93
17 27 121.37
17 28 141.69
17 29 82.85
17 30 117.05
17 31 94.12
17 32 151.38
17 33 97.95
17 34 96.53
17 35 65.25
17 36 96.30
17 37 121.65
17 38 86.16
17 39 132.51
17 40 94.39
17 41 126.42
17 42 145.65
17 43 112.94
17 44 60.52
17 45 116.62
17 46 123.12
17 47 18.57
17 48 128.56
17 49 75.03
18 0 96.04
18 1 94.43
18 2 107.51
18 3 16.86
18 4 197.79
18 5 45.38
18 6 118.59
18 7 95.37
18 8 139.85
18 9 165.45
18 10 80.00
18 11 160.48
18 12 67.21
18 13 130.19
18 14 98.99
18 15 69.69
18 16 36.18
18 17 122.15
18 18 0.00
18 19 201.16
18 20 1.59
18 21 17.69
18 22 100.21
18 23 117.00
18 24 82.24
18 25 163.48
18 26 114.51
18 27 14.57
18 28 130.17
18 29 164.15
18 30 103.16
18 31 37.77
18 32 64.30
18 33 54.34
18 34 201.98
18 35 97.51
18 36 195.23
18 37 16.20
18 38 81.76
18 39 51.17
18 40 166.61
18 41 82.80
18 42 147.61
18 43 11.82
18 44 98.35
18 45 86.95
18 46 14.30
18 47 103.58
18 48 28.93
18 49 165.91
19 0 157.33
19 1 106.73
19 2 104.50
19 3 218.02
19 4 18.62
19 5 155.78
19 6 104.78
19 7 125.31
19 8 61.32
19 9 35.72
19 10 165.23
19 11 40.68
19 12 139.70
19 13 97.50
19 14 108.85
19 15 151.15
19 16 164.99
19 17 97.30
19 18 201.16
19 19 0.00
19 20 202.65
19 21 183.48
19 22 138.35
19 23 140.21
19 24 121.06
19 25 37.69
19 26 150.81
19 27 189.97
19 28 72.44
19 29 37.02
19 30 145.83
19 31 163.40
19 32 142.88
19 33 147.18
19 34 32.45
19 35 110.97
19 36 14.26
19 37 217.36
19 38 151.22
19 39 157.14
19 40 34.79
19 41 140.70
19 42 73.17
19 43 189.35
19 44 116.59
19 45 114.21
19 46 200.21
19 47 107.03
19 48 224.27
19 49 35.25
20 0 97.63
20 1 95.91
20 2 106.33
20 3 15.38
20 4 199.28
20 5 46.87
20 6 117.41
20 7 94.19
20 8 141.33
20 9 166.93
20 10 81.59
20 11 161.97
20 12 68.28
20 13 129.02
20 14 97.81
20 15 71.28
20 16 37.66
20 17 120.97
20 18 1.59
20 19 202.65
20 20 0.00
20 21 19.17
20 22 99.04
20 23 118.59
20 24 83.31
20 25 164.96
20 26 116.10
20 27 16.16
20 28 131.66
20 29 165.63
20 30 104.75
20 31 39.25
20 32 65.89
20 33 55.47
20 34 203.47
20 35 96.34
20 36 196.71
20 37 14.71
20 38 83.35
20 39 52.76
20 40 168.10
20 41 83.87
20 42 149.10
20 43 13.30
20 44 97.17
20 45 88.44
20 46 15.89
20 47 102.40
20 48 27.86
20 49 167.40
21 0 91.13
21 1 79.49
21 2 103.38
21 3 34.55
21 4 180.11
21 5 27.70
21 6 114.46
21 7 91.24
21 8 122.16
21 9 147.76
21 10 84.13
21 11 142.79
21 12 61.58
21 13 126.07
21 14 94.86
21 15 61.76
21 16 18.49
21 17 118.02
21 18 17.69
21 19 183.48
21 20 19.17
21 21 0.00
21 22 96.08
21 23 109.08
21 24 76.61
21 25 145.79
21 26 106.58
21 27 9.79
21 28 112.49
21 29 146.46
21 30 95.24
21 31 23.90
21 32 56.38
21 33 53.73
21 34 184.30
21 35 93.39
21 36 177.54
21 37 33.89
21 38 73.84
21 39 43.24
21 40 148.92
21 41 77.17
21 42 129.93
21 43 8.87
21 44 94.22
21 45 69.26
21 46 18.01
21 47 99.45
21 48 40.80
21 49 148.22
22 0 100.36
22 1 118.20
22 2 44.47
22 3 99.37
22 4 134.98
22 5 78.37
22 6 33.56
22 7 16.55
22 8 120.67
22 9 102.63
22 10 84.32
22 11 100.62
22 12 100.29
22 13 41.03
22 14 29.49
22 15 118.11
22 16 92.63
22 17 42.64
22 18 100.21
22 19 138.35
22 20 99.04
22 21 96.08
22 22 0.00
22 23 121.32
22 24 115.32
22 25 100.66
22 26 118.83
22 27 99.44
22 28 131.15
22 29 101.33
22 30 107.48
22 31 72.19
22 32 129.45
22 33 87.41
22 34 139.17
22 35 54.71
22 36 132.41
22 37 95.79
22 38 86.08
22 39 110.58
22 40 117.48
22 41 115.88
22 42 135.12
22 43 91.00
22 44 49.98
22 45 104.36
22 46 101.19
22 47 32.36
22 48 87.63
22 49 103.09
23 0 21.10
23 1 153.36
23 2 136.56
23 3 127.80
23 4 136.84
23 5 100.96
23 6 106.39
23 7 119.98
23 8 155.83
23 9 118.51
23 10 37.00
23 11 100.03
23 12 157.74
23 13 118.00
23 14 113.39
23 15 66.45
23 16 100.89
23 17 109.95
23 18 117.00
23 19 140.21
23 20 118.59
23 21 109.08
23 22 121.32
23 23 0.00
23 24 150.48
23 25 111.79
23 26 18.97
23 27 102.43
23 28 166.31
23 29 103.19
23 30 15.31
23 31 110.00
23 32 91.45
23 33 162.80
23 34 141.03
23 35 143.04
23 36 134.27
23 37 127.87
23 38 35.24
23 39 71.46
23 40 105.65
23 41 161.60
23 42 170.27
23 43 111.15
23 44 147.68
23 45 139.52
23 46 102.70
23 47 91.39
23 48 123.76
23 49 104.95
24 0 167.74
24 1 14.33
24 2 113.68
24 3 96.96
24 4 117.69
24 5 74.74
24 6 124.76
24 7 101.54
24 8 59.74
24 9 85.34
24 10 160.74
24 11 92.27
24 12 44.78
24 13 136.37
24 14 105.16
24 15 84.03
24 16 69.76
24 17 128.32
24 18 82.24
24 19 121.06
24 20 83.31
24 21 76.61
24 22 115.32
24 23 150.48
24 24 0.00
24 25 83.37
24 26 139.61
24 27 86.40
24 28 50.07
24 29 85.98
24 30 135.17
24 31 79.51
24 32 60.27
24 33 51.63
24 34 121.88
24 35 103.69
24 36 115.13
24 37 96.30
24 38 150.05
24 39 79.02
24 40 109.13
24 41 48.63
24 42 67.51
24 43 85.48
24 44 104.53
24 45 11.70
24 46 94.62
24 47 119.73
24 48 111.17
24 49 89.93
25 0 129.05
25 1 84.02
25 2 106.96
25 3 180.34
25 4 48.64
25 5 118.09
25 6 86.06
25 7 90.39
25 8 57.04
25 9 10.16
25 10 127.54
25 11 11.76
25 12 128.15
25 13 97.67
25 14 83.79
25 15 113.47
25 16 127.30
25 17 89.62
25 18 163.48
25 19 37.69
25 20 164.96
25 21 145.79
25 22 100.66
25 23 111.79
25 24 83.37
25 25 0.00
25 26 113.12
25 27 152.29
25 28 74.91
25 29 8.71
25 30 108.15
25 31 125.71
25 32 105.19
25 33 133.21
25 34 62.47
25 35 113.44
25 36 39.35
25 37 179.67
25 38 113.53
25 39 119.45
25 40 25.76
25 41 132.00
25 42 75.64
25 43 151.66
25 44 118.08
25 45 77.26
25 46 162.52
25 47 81.04
25 48 186.58
25 49 18.73
26 0 40.07
26 1 142.49
26 2 134.07
26 3 125.31
26 4 147.44
26 5 98.47
26 6 125.37
26 7 117.49
26 8 144.97
26 9 115.09
26 10 41.21
26 11 110.13
26 12 155.25
26 13 136.97
26 14 110.90
26 15 55.59
26 16 98.40
26 17 128.93
26 18 114.51
26 19 150.81
26 20 116.10
26 21 106.58
26 22 118.83
26 23 18.97
26 24 139.61
26 25 113.12
26 26 0.00
26 27 99.94
26 28 155.45
26 29 113.79
26 30 11.88
26 31 107.51
26 32 80.59
26 33 160.31
26 34 151.63
26 35 140.55
26 36 144.87
26 37 125.38
26 38 42.77
26 39 63.34
26 40 116.25
26 41 159.11
26 42 159.41
26 43 108.66
26 44 145.19
26 45 128.65
26 46 100.21
26 47 110.36
26 48 121.27
26 49 115.55
27 0 81.46
27 1 89.28
27 2 106.74
27 3 28.05
27 4 186.61
27 5 34.19
27 6 117.81
27 7 94.60
27 8 128.66
27 9 154.26
27 10 74.34
27 11 149.29
27 12 71.37
27 13 129.42
27 14 98.22
27 15 55.12
27 16 24.99
27 17 121.37
27 18 14.57
27 19 189.97
27 20 16.16
27 21 9.79
27 22 99.44
27 23 102.43
27 24 86.40
27 25 152.29
27 26 99.94
27 27 0.00
27 28 118.98
27 29 152.96
27 30 88.59
27 31 27.26
27 32 49.73
27 33 60.38
27 34 190.79
27 35 96.74
27 36 184.04
27 37 27.39
27 38 67.19
27 39 36.60
27 40 155.42
27 41 86.96
27 42 136.42
27 43 8.72
27 44 97.58
27 45 75.76
27 46 10.24
27 47 102.81
27 48 34.30
27 49 154.72
28 0 183.58
28 1 35.74
28 2 87.90
28 3 147.03
28 4 67.62
28 5 90.57
28 6 137.30
28 7 114.60
28 8 17.87
28 9 64.75
28 10 176.57
28 11 83.81
28 12 68.71
28 13 141.89
28 14 108.36
28 15 99.86
28 16 94.00
28 17 141.69
28 18 130.17
28 19 72.44
28 20 131.66
28 21 112.49
28 22 131.15
28 23 166.31
28 24 50.07
28 25 74.91
28 26 155.45
28 27 118.98
28 28 0.00
28 29 77.52
28 30 151.00
28 31 95.34
28 32 74.86
28 33 76.19
28 34 75.39
28 35 77.91
28 36 65.06
28 37 146.37
28 38 165.88
28 39 94.85
28 40 100.67
28 41 69.70
28 42 17.44
28 43 118.36
28 44 81.17
28 45 43.22
28 46 129.22
28 47 135.56
28 48 153.28
28 49 81.48
29 0 120.34
29 1 86.63
29 2 109.57
29 3 181.01
29 4 41.87
29 5 118.76
29 6 79.29
29 7 93.00
29 8 59.65
29 9 15.44
29 10 128.21
29 11 6.91
29 12 130.76
29 13 90.90
29 14 86.40
29 15 114.14
29 16 127.97
29 17 82.85
29 18 164.15
29 19 37.02
29 20 165.63
29 21 146.46
29 22 101.33
29 23 103.19
29 24 85.98
29 25 8.71
29 26 113.79
29 27 152.96
29 28 77.52
29 29 0.00
29 30 108.82
29 31 126.38
29 32 105.86
29 33 135.82
29 34 55.70
29 35 116.05
29 36 32.58
29 37 180.35
29 38 114.20
29 39 120.12
29 40 23.15
29 41 134.61
29 42 78.25
29 43 152.33
29 44 120.69
29 45 79.87
29 46 163.19
29 47 72.33
29 48 187.26
29 49 10.02
30 0 32.57
30 1 138.05
30 2 122.72
30 3 113.96
30 4 142.46
30 5 87.12
30 6 113.49
30 7 106.15
30 8 140.53
30 9 110.12
30 10 29.33
30 11 105.15
30 12 143.91
30 13 125.10
30 14 99.55
30 15 51.15
30 16 87.05
30 17 117.05
30 18 103.16
30 19 145.83
30 20 104.75
30 21 95.24
30 22 107.48
30 23 15.31
30 24 135.17
30 25 108.15
30 26 11.88
30 27 88.59
30 28 151.00
30 29 108.82
30 30 0.00
30 31 96.16
30 32 76.15
30 33 148.97
30 34 146.65
30 35 129.20
30 36 139.90
30 37 114.04
30 38 30.89
30 39 56.15
30 40 111.28
30 41 147.76
30 42 154.97
30 43 97.31
30 44 133.84
30 45 124.21
30 46 88.86
30 47 98.48
30 48 109.92
30 49 110.58
31 0 89.03
31 1 82.38
31 2 79.48
31 3 54.63
31 4 160.03
31 5 9.04
31 6 90.56
31 7 67.34
31 8 102.08
31 9 127.68
31 10 81.23
31 11 122.72
31 12 64.47
31 13 102.17
31 14 70.96
31 15 62.69
31 16 20.44
31 17 94.12
31 18 37.77
31 19 163.40
31 20 39.25
31 21 23.90
31 22 72.19
31 23 110.00
31 24 79.51
31 25 125.71
31 26 107.51
31 27 27.26
31 28 95.34
31 29 126.38
31 30 96.16
31 31 0.00
31 32 57.30
31 33 52.81
31 34 164.22
31 35 69.49
31 36 157.46
31 37 53.96
31 38 74.76
31 39 44.17
31 40 128.84
31 41 80.07
31 42 109.85
31 43 25.95
31 44 70.32
31 45 68.54
31 46 36.81
31 47 75.55
31 48 60.88
31 49 128.14
32 0 108.72
32 1 61.90
32 2 136.74
32 3 75.14
32 4 139.51
32 5 51.08
32 6 147.82
32 7 124.61
32 8 81.56
32 9 107.16
32 10 101.71
32 11 102.20
32 12 105.04
32 13 159.43
32 14 128.22
32 15 25.00
32 16 48.19
32 17 151.38
32 18 64.30
32 19 142.88
32 20 65.89
32 21 56.38
32 22 129.45
32 23 91.45
32 24 60.27
32 25 105.19
32 26 80.59
32 27 49.73
32 28 74.86
32 29 105.86
32 30 76.15
32 31 57.30
32 32 0.00
32 33 110.11
32 34 143.70
32 35 126.75
32 36 136.95
32 37 75.18
32 38 91.02
32 39 19.99
32 40 108.33
32 41 108.90
32 42 89.33
32 43 58.45
32 44 127.59
32 45 54.16
32 46 57.33
32 47 132.81
32 48 81.39
32 49 107.63
33 0 141.84
33 1 49.19
33 2 62.05
33 3 70.85
33 4 143.81
33 5 61.85
33 6 93.56
33 7 70.86
33 8 85.86
33 9 123.05
33 10 132.83
33 11 142.11
33 12 12.88
33 13 98.15
33 14 64.62
33 15 115.49
33 16 61.91
33 17 97.95
33 18 54.34
33 19 147.18
33 20 55.47
33 21 53.73
33 22 87.41
33 23 162.80
33 24 51.63
33 25 133.21
33 26 160.31
33 27 60.38
33 28 76.19
33 29 135.82
33 30 148.97
33 31 52.81
33 32 110.11
33 33 0.00
33 34 148.00
33 35 52.06
33 36 141.24
33 37 70.18
33 38 127.57
33 39 96.97
33 40 158.97
33 41 28.47
33 42 93.63
33 43 57.58
33 44 52.90
33 45 55.95
33 46 66.71
33 47 91.82
33 48 83.26
33 49 139.77
34 0 158.16
34 1 107.55
34 2 102.64
34 3 218.85
34 4 13.83
34 5 156.60
34 6 105.61
34 7 126.13
34 8 73.11
34 9 57.07
34 10 166.05
34 11 62.61
34 12 140.52
34 13 98.13
34 14 109.67
34 15 151.97
34 16 165.81
34 17 96.53
34 18 201.98
34 19 32.45
34 20 203.47
34 21 184.30
34 22 139.17
34 23 141.03
34 24 121.88
34 25 62.47
34 26 151.63
34 27 190.79
34 28 75.39
34 29 55.70
34 30 146.65
34 31 164.22
34 32 143.70
34 33 148.00
34 34 0.00
34 35 108.87
34 36 23.13
34 37 218.18
34 38 152.04
34 39 157.96
34 40 67.24
34 41 141.52
34 42 65.26
34 43 190.17
34 44 117.41
34 45 115.03
34 46 201.03
34 47 107.85
34 48 225.09
34 49 47.88
35 0 122.07
35 1 91.59
35 2 10.24
35 3 109.97
35 4 104.68
35 5 75.67
35 6 60.86
35 7 38.16
35 8 75.63
35 9 103.28
35 10 106.04
35 11 122.34
35 12 62.52
35 13 65.45
35 14 31.92
35 15 115.41
35 16 89.93
35 17 65.25
35 18 97.51
35 19 110.97
35 20 96.34
35 21 93.39
35 22 54.71
35 23 143.04
35 24 103.69
35 25 113.44
35 26 140.55
35 27 96.74
35 28 77.91
35 29 116.05
35 30 129.20
35 31 69.49
35 32 126.75
35 33 52.06
35 34 108.87
35 35 0.00
35 36 102.12
35 37 109.31
35 38 107.80
35 39 107.88
35 40 139.20
35 41 75.25
35 42 80.40
35 43 88.30
35 44 8.54
35 45 91.99
35 46 98.49
35 47 59.12
35 48 116.22
35 49 120.01
36 0 151.40
36 1 100.80
36 2 95.89
36 3 212.09
36 4 13.11
36 5 149.85
36 6 98.85
36 7 119.37
36 8 55.38
36 9 33.94
36 10 159.29
36 11 39.49
36 12 133.76
36 13 96.49
36 14 102.92
36 15 145.22
36 16 159.05
36 17 96.30
36 18 195.23
36 19 14.26
36 20 196.71
36 21 177.54
36 22 132.41
36 23 134.27
36 24 115.13
36 25 39.35
36 26 144.87
36 27 184.04
36 28 65.06
36 29 32.58
36 30 139.90
36 31 157.46
36 32 136.95
36 33 141.24
36 34 23.13
36 35 102.12
36 36 0.00
36 37 211.43
36 38 145.29
36 39 151.20
36 40 44.12
36 41 134.76
36 42 58.91
36 43 183.41
36 44 110.66
36 45 108.28
36 46 194.28
36 47 101.09
36 48 218.34
36 49 29.32
37 0 106.91
37 1 110.63
37 2 115.54
37 3 3.58
37 4 213.99
37 5 61.58
37 6 114.16
37 7 92.06
37 8 156.04
37 9 181.64
37 10 90.87
37 11 176.68
37 12 77.66
37 13 125.77
37 14 108.51
37 15 80.56
37 16 52.37
37 17 121.65
37 18 16.20
37 19 217.36
37 20 14.71
37 21 33.89
37 22 95.79
37 23 127.87
37 24 96.30
37 25 179.67
37 26 125.38
37 27 27.39
37 28 146.37
37 29 180.35
37 30 114.04
37 31 53.96
37 32 75.18
37 33 70.18
37 34 218.18
37 35 109.31
37 36 211.43
37 37 0.00
37 38 92.64
37 39 62.04
37 40 182.81
37 41 92.55
37 42 163.81
37 43 28.02
37 44 100.77
37 45 103.15
37 46 25.18
37 47 110.33
37 48 19.18
37 49 182.11
38 0 17.69
38 1 152.93
38 2 101.32
38 3 92.56
38 4 147.85
38 5 75.31
38 6 82.60
38 7 84.74
38 8 155.40
38 9 118.08
38 10 14.01
38 11 110.54
38 12 135.02
38 13 94.21
38 14 78.15
38 15 66.02
38 16 80.29
38 17 86.16
38 18 81.76
38 19 151.22
38 20 83.35
38 21 73.84
38 22 86.08
38 23 35.24
38 24 150.05
38 25 113.53
38 26 42.77
38 27 67.19
38 28 165.88
38 29 114.20
38 30 30.89
38 31 74.76
38 32 91.02
38 33 127.57
38 34 152.04
38 35 107.80
38 36 145.29
38 37 92.64
38 38 0.00
38 39 71.03
38 40 116.67
38 41 150.61
38 42 169.84
38 43 75.91
38 44 112.44
38 45 139.09
38 46 67.46
38 47 67.59
38 48 88.52
38 49 115.97
39 0 88.73
39 1 81.90
39 2 117.88
39 3 61.97
39 4 153.77
39 5 35.13
39 6 128.95
39 7 105.74
39 8 95.82
39 9 121.42
39 10 81.72
39 11 116.46
39 12 91.91
39 13 140.56
39 14 109.36
39 15 18.52
39 16 35.06
39 17 132.51
39 18 51.17
39 19 157.14
39 20 52.76
39 21 43.24
39 22 110.58
39 23 71.46
39 24 79.02
39 25 119.45
39 26 63.34
39 27 36.60
39 28 94.85
39 29 120.12
39 30 56.15
39 31 44.17
39 32 19.99
39 33 96.97
39 34 157.96
39 35 107.88
39 36 151.20
39 37 62.04
39 38 71.03
39 39 0.00
39 40 122.58
39 41 95.77
39 42 103.59
39 43 45.32
39 44 108.72
39 45 68.06
39 46 43.07
39 47 113.95
39 48 67.13
39 49 121.89
40 0 122.78
40 1 109.78
40 2 132.73
40 3 183.47
40 4 53.41
40 5 121.23
40 6 96.14
40 7 116.15
40 8 82.80
40 9 35.92
40 10 130.67
40 11 16.86
40 12 153.91
40 13 102.44
40 14 109.55
40 15 116.60
40 16 130.43
40 17 94.39
40 18 166.61
40 19 34.79
40 20 168.10
40 21 148.92
40 22 117.48
40 23 105.65
40 24 109.13
40 25 25.76
40 26 116.25
40 27 155.42
40 28 100.67
40 29 23.15
40 30 111.28
40 31 128.84
40 32 108.33
40 33 158.97
40 34 67.24
40 35 139.20
40 36 44.12
40 37 182.81
40 38 116.67
40 39 122.58
40 40 0.00
40 41 157.76
40 42 101.40
40 43 154.79
40 44 143.85
40 45 103.02
40 46 165.66
40 47 85.12
40 48 189.72
40 49 19.36
41 0 168.30
41 1 47.98
41 2 85.25
41 3 89.71
41 4 137.33
41 5 75.30
41 6 122.03
41 7 99.33
41 8 79.38
41 9 121.84
41 10 161.30
41 11 140.90
41 12 15.59
41 13 126.62
41 14 93.09
41 15 114.29
41 16 70.33
41 17 126.42
41 18 82.80
41 19 140.70
41 20 83.87
41 21 77.17
41 22 115.88
41 23 161.60
41 24 48.63
41 25 132.00
41 26 159.11
41 27 86.96
41 28 69.70
41 29 134.61
41 30 147.76
41 31 80.07
41 32 108.90
41 33 28.47
41 34 141.52
41 35 75.25
41 36 134.76
41 37 92.55
41 38 150.61
41 39 95.77
41 40 157.76
41 41 0.00
41 42 87.15
41 43 86.04
41 44 76.09
41 45 54.74
41 46 95.18
41 47 120.29
41 48 111.73
41 49 138.57
42 0 187.54
42 1 53.18
42 2 90.64
42 3 164.48
42 4 65.30
42 5 102.23
42 6 141.26
42 7 118.57
42 8 18.60
42 9 65.47
42 10 180.53
42 11 84.54
42 12 86.15
42 13 145.85
42 14 112.33
42 15 103.82
42 16 111.44
42 17 145.65
42 18 147.61
42 19 73.17
42 20 149.10
42 21 129.93
42 22 135.12
42 23 170.27
42 24 67.51
42 25 75.64
42 26 159.41
42 27 136.42
42 28 17.44
42 29 78.25
42 30 154.97
42 31 109.85
42 32 89.33
42 33 93.63
42 34 65.26
42 35 80.40
42 36 58.91
42 37 163.81
42 38 169.84
42 39 103.59
42 40 101.40
42 41 87.15
42 42 0.00
42 43 135.80
42 44 85.14
42 45 60.66
42 46 146.66
42 47 139.52
42 48 170.72
42 49 82.20
43 0 90.19
43 1 88.36
43 2 98.30
43 3 28.68
43 4 185.98
43 5 33.57
43 6 109.38
43 7 86.16
43 8 128.03
43 9 153.63
43 10 75.26
43 11 148.66
43 12 70.45
43 13 120.98
43 14 89.78
43 15 63.84
43 16 24.36
43 17 112.94
43 18 11.82
43 19 189.35
43 20 13.30
43 21 8.87
43 22 91.00
43 23 111.15
43 24 85.48
43 25 151.66
43 26 108.66
43 27 8.72
43 28 118.36
43 29 152.33
43 30 97.31
43 31 25.95
43 32 58.45
43 33 57.58
43 34 190.17
43 35 88.30
43 36 183.41
43 37 28.02
43 38 75.91
43 39 45.32
43 40 154.79
43 41 86.04
43 42 135.80
43 43 0.00
43 44 89.14
43 45 75.13
43 46 10.86
43 47 94.37
43 48 34.93
43 49 154.09
44 0 126.72
44 1 92.42
44 2 14.77
44 3 101.43
44 4 113.22
44 5 76.51
44 6 56.13
44 7 33.43
44 8 76.47
44 9 107.92
44 10 110.68
44 11 126.99
44 12 63.35
44 13 60.72
44 14 34.29
44 15 116.25
44 16 90.76
44 17 60.52
44 18 98.35
44 19 116.59
44 20 97.17
44 21 94.22
44 22 49.98
44 23 147.68
44 24 104.53
44 25 118.08
44 26 145.19
44 27 97.58
44 28 81.17
44 29 120.69
44 30 133.84
44 31 70.32
44 32 127.59
44 33 52.90
44 34 117.41
44 35 8.54
44 36 110.66
44 37 100.77
44 38 112.44
44 39 108.72
44 40 143.85
44 41 76.09
44 42 85.14
44 43 89.14
44 44 0.00
44 45 92.82
44 46 99.32
44 47 58.73
44 48 107.68
44 49 124.65
45 0 156.78
45 1 13.84
45 2 101.98
45 3 103.81
45 4 110.84
45 5 63.78
45 6 113.06
45 7 89.84
45 8 52.90
45 9 78.49
45 10 149.78
45 11 86.16
45 12 50.89
45 13 124.67
45 14 93.46
45 15 73.06
45 16 58.80
45 17 116.62
45 18 86.95
45 19 114.21
45 20 88.44
45 21 69.26
45 22 104.36
45 23 139.52
45 24 11.70
45 25 77.26
45 26 128.65
45 27 75.76
45 28 43.22
45 29 79.87
45 30 124.21
45 31 68.54
45 32 54.16
45 33 55.95
45 34 115.03
45 35 91.99
45 36 108.28
45 37 103.15
45 38 139.09
45 39 68.06
45 40 103.02
45 41 54.74
45 42 60.66
45 43 75.13
45 44 92.82
45 45 0.00
45 46 86.00
45 47 108.77
45 48 110.06
45 49 83.83
46 0 81.73
46 1 97.50
46 2 108.48
46 3 25.11
46 4 196.84
46 5 44.43
46 6 119.56
46 7 96.34
46 8 138.89
46 9 164.49
46 10 66.12
46 11 159.53
46 12 79.59
46 13 131.17
46 14 99.96
46 15 55.39
46 16 35.22
46 17 123.12
46 18 14.30
46 19 200.21
46 20 15.89
46 21 18.01
46 22 101.19
46 23 102.70
46 24 94.62
46 25 162.52
46 26 100.21
46 27 10.24
46 28 129.22
46 29 163.19
46 30 88.86
46 31 36.81
46 32 57.33
46 33 66.71
46 34 201.03
46 35 98.49
46 36 194.28
46 37 25.18
46 38 67.46
46 39 43.07
46 40 165.66
46 41 95.18
46 42 146.66
46 43 10.86
46 44 99.32
46 45 86.00
46 46 0.00
46 47 104.55
46 48 24.06
46 49 164.96
47 0 70.29
47 1 122.61
47 2 48.88
47 3 111.00
47 4 103.66
47 5 81.74
47 6 15.01
47 7 31.03
47 8 125.08
47 9 87.76
47 10 69.15
47 11 71.19
47 12 104.70
47 13 26.62
47 14 27.20
47 15 121.47
47 16 95.99
47 17 18.57
47 18 103.58
47 19 107.03
47 20 102.40
47 21 99.45
47 22 32.36
47 23 91.39
47 24 119.73
47 25 81.04
47 26 110.36
47 27 102.81
47 28 135.56
47 29 72.33
47 30 98.48
47 31 75.55
47 32 132.81
47 33 91.82
47 34 107.85
47 35 59.12
47 36 101.09
47 37 110.33
47 38 67.59
47 39 113.95
47 40 85.12
47 41 120.29
47 42 139.52
47 43 94.37
47 44 58.73
47 45 108.77
47 46 104.55
47 47 0.00
47 48 117.25
47 49 71.78
48 0 102.80
48 1 117.54
48 2 122.45
48 3 22.03
48 4 220.90
48 5 68.49
48 6 119.49
48 7 98.97
48 8 162.95
48 9 188.55
48 10 86.76
48 11 183.59
48 12 96.14
48 13 126.96
48 14 115.42
48 15 76.45
48 16 59.29
48 17 128.56
48 18 28.93
48 19 224.27
48 20 27.86
48 21 40.80
48 22 87.63
48 23 123.76
48 24 111.17
48 25 186.58
48 26 121.27
48 27 34.30
48 28 153.28
48 29 187.26
48 30 109.92
48 31 60.88
48 32 81.39
48 33 83.26
48 34 225.09
48 35 116.22
48 36 218.34
48 37 19.18
48 38 88.52
48 39 67.13
48 40 189.72
48 41 111.73
48 42 170.72
48 43 34.93
48 44 107.68
48 45 110.06
48 46 24.06
48 47 117.25
48 48 0.00
48 49 189.02
49 0 122.08
49 1 90.59
49 2 113.53
49 3 182.77
49 4 34.05
49 5 120.53
49 6 76.95
49 7 96.95
49 8 63.61
49 9 25.45
49 10 129.98
49 11 14.73
49 12 134.71
49 13 83.08
49 14 90.36
49 15 115.90
49 16 129.74
49 17 75.03
49 18 165.91
49 19 35.25
49 20 167.40
49 21 148.22
49 22 103.09
49 23 104.95
49 24 89.93
49 25 18.73
49 26 115.55
49 27 154.72
49 28 81.48
49 29 10.02
49 30 110.58
49 31 128.14
49 32 107.63
49 33 139.77
49 34 47.88
49 35 120.01
49 36 29.32
49 37 182.11
49 38 115.97
49 39 121.89
49 40 19.36
49 41 138.57
49 42 82.20
49 43 154.09
49 44 124.65
49 45 83.83
49 46 164.96
49 47 71.78
49 48 189.02
49 49 0.00
