40 3
0 0 0.00
0 1 66.64
0 2 81.86
0 3 61.39
0 4 36.18
0 5 114.78
0 6 74.44
0 7 32.16
0 8 85.85
0 9 101.25
0 10 99.28
0 11 104.16
0 12 126.10
0 13 110.38
0 14 54.48
0 15 136.80
0 16 81.52
0 17 99.84
0 18 127.61
0 19 61.82
0 20 126.76
0 21 69.25
0 22 18.71
0 23 105.01
0 24 48.74
0 25 132.81
0 26 146.84
0 27 158.70
0 28 28.99
0 29 75.37
0 30 127.71
0 31 51.52
0 32 106.04
0 33 112.95
0 34 57.69
0 35 81.37
0 36 100.60
0 37 184.34
0 38 104.65
0 39 14.52
1 0 66.64
1 1 0.00
1 2 90.68
1 3 87.28
1 4 70.35
1 5 133.63
1 6 34.42
1 7 71.08
1 8 117.70
1 9 44.53
1 10 100.98
1 11 56.00
1 12 87.18
1 13 62.68
1 14 32.11
1 15 70.16
1 16 32.87
1 17 33.20
1 18 132.91
1 19 82.24
1 20 149.12
1 21 92.84
1 22 47.93
1 23 66.09
1 24 115.37
1 25 182.89
1 26 107.92
1 27 94.13
1 28 78.83
1 29 101.34
1 30 61.08
1 31 92.72
1 32 103.77
1 33 95.72
1 34 124.32
1 35 42.45
1 36 78.23
1 37 117.71
1 38 127.02
1 39 62.78
2 0 81.86
2 1 90.68
2 2 0.00
2 3 67.78
2 4 45.68
2 5 70.17
2 6 125.10
2 7 77.67
2 8 47.35
2 9 103.42
2 10 75.77
2 11 122.95
2 12 128.65
2 13 38.64
2 14 122.79
2 15 106.05
2 16 123.56
2 17 99.22
2 18 82.09
2 19 55.25
2 20 58.44
2 21 34.34
2 22 63.15
2 23 138.17
2 24 130.60
2 25 100.83
2 26 101.33
2 27 87.54
2 28 89.61
2 29 19.29
2 30 75.71
2 31 56.29
2 32 24.18
2 33 44.96
2 34 139.55
2 35 107.81
2 36 168.91
2 37 102.48
2 38 36.34
2 39 77.95
3 0 61.39
3 1 87.28
3 2 67.78
3 3 0.00
3 4 33.78
3 5 53.39
3 6 105.51
3 7 93.54
3 8 30.43
3 9 108.64
3 10 37.89
3 11 101.06
3 12 64.72
3 13 85.66
3 14 89.88
3 15 112.07
3 16 118.73
3 17 96.44
3 18 66.22
3 19 71.12
3 20 126.22
3 21 35.73
3 22 67.31
3 23 70.39
3 24 73.46
3 25 95.61
3 26 106.44
3 27 133.97
3 28 32.47
3 29 71.30
3 30 102.99
3 31 16.15
3 32 81.32
3 33 88.22
3 34 82.41
3 35 68.09
3 36 101.14
3 37 159.62
3 38 104.11
3 39 59.30
4 0 36.18
4 1 70.35
4 2 45.68
4 3 33.78
4 4 0.00
4 5 87.17
4 6 88.58
4 7 59.77
4 8 58.24
4 9 91.71
4 10 71.67
4 11 84.14
4 12 98.49
4 13 74.20
4 14 83.32
4 15 100.62
4 16 101.80
4 17 79.51
4 18 100.00
4 19 37.34
4 20 97.92
4 21 41.64
4 22 35.94
4 23 98.69
4 24 84.92
4 25 112.54
4 26 119.23
4 27 122.52
4 28 43.93
4 29 43.00
4 30 91.53
4 31 23.91
4 32 69.86
4 33 76.77
4 34 93.87
4 35 68.34
4 36 129.44
4 37 148.16
4 38 75.81
4 39 32.27
5 0 114.78
5 1 133.63
5 2 70.17
5 3 53.39
5 4 87.17
5 5 0.00
5 6 151.86
5 7 146.94
5 8 28.94
5 9 155.00
5 10 32.65
5 11 147.42
5 12 62.14
5 13 90.22
5 14 136.23
5 15 157.63
5 16 165.08
5 17 142.79
5 18 45.51
5 19 124.51
5 20 128.61
5 21 45.53
5 22 120.70
5 23 68.00
5 24 88.67
5 25 49.26
5 26 101.79
5 27 129.32
5 28 85.79
5 29 73.69
5 30 127.29
5 31 63.26
5 32 83.26
5 33 83.57
5 34 87.07
5 35 114.44
5 36 110.97
5 37 154.97
5 38 106.50
5 39 112.69
6 0 74.44
6 1 34.42
6 2 125.10
6 3 105.51
6 4 88.58
6 5 151.86
6 6 0.00
6 7 95.08
6 8 135.93
6 9 78.95
6 10 119.20
6 11 32.00
6 12 89.72
6 13 97.10
6 14 36.34
6 15 75.33
6 16 43.03
6 17 25.88
6 18 151.14
6 19 116.66
6 20 183.55
6 21 111.07
6 22 68.84
6 23 84.31
6 24 123.18
6 25 201.11
6 26 83.92
6 27 84.26
6 28 97.06
6 29 128.63
6 30 53.64
6 31 110.95
6 32 138.19
6 33 124.91
6 34 132.13
6 35 37.42
6 36 58.88
6 37 109.90
6 38 161.44
6 39 81.01
7 0 32.16
7 1 71.08
7 2 77.67
7 3 93.54
7 4 59.77
7 5 146.94
7 6 95.08
7 7 0.00
7 8 118.00
7 9 94.99
7 10 131.44
7 11 127.08
7 12 158.26
7 13 104.12
7 14 72.06
7 15 130.54
7 16 61.88
7 17 103.66
7 18 159.76
7 19 55.56
7 20 120.12
7 21 101.40
7 22 26.24
7 23 137.17
7 24 64.88
7 25 164.59
7 26 179.00
7 27 165.21
7 28 61.15
7 29 86.95
7 30 121.45
7 31 83.67
7 32 99.78
7 33 122.63
7 34 88.03
7 35 113.53
7 36 120.90
7 37 178.08
7 38 98.01
7 39 44.49
8 0 85.85
8 1 117.70
8 2 47.35
8 3 30.43
8 4 58.24
8 5 28.94
8 6 135.93
8 7 118.00
8 8 0.00
8 9 139.07
8 10 28.42
8 11 131.49
8 12 81.30
8 13 74.29
8 14 120.30
8 15 141.70
8 16 149.15
8 17 126.86
8 18 41.76
8 19 95.58
8 20 105.79
8 21 24.87
8 22 91.76
8 23 90.82
8 24 87.92
8 25 65.18
8 26 91.98
8 27 119.52
8 28 56.85
8 29 50.87
8 30 111.36
8 31 34.33
8 32 66.86
8 33 73.77
8 34 96.87
8 35 98.51
8 36 121.56
8 37 145.16
8 38 83.69
8 39 83.75
9 0 101.25
9 1 44.53
9 2 103.42
9 3 108.64
9 4 91.71
9 5 155.00
9 6 78.95
9 7 94.99
9 8 139.07
9 9 0.00
9 10 122.34
9 11 87.28
9 12 118.46
9 13 64.78
9 14 76.64
9 15 36.54
9 16 77.41
9 17 63.87
9 18 154.27
9 19 59.76
9 20 105.24
9 21 114.20
9 22 82.54
9 23 97.37
9 24 149.99
9 25 204.25
9 26 139.20
9 27 125.41
9 28 109.00
9 29 122.71
9 30 79.48
9 31 114.08
9 32 88.55
9 33 117.08
9 34 158.94
9 35 73.73
9 36 122.76
9 37 83.09
9 38 94.04
9 39 97.34
10 0 99.28
10 1 100.98
10 2 75.77
10 3 37.89
10 4 71.67
10 5 32.65
10 6 119.20
10 7 131.44
10 8 28.42
10 9 122.34
10 10 0.00
10 11 114.76
10 12 52.88
10 13 69.46
10 14 103.58
10 15 124.98
10 16 132.42
10 17 110.13
10 18 37.57
10 19 109.01
10 20 134.22
10 21 41.43
10 22 105.20
10 23 62.39
10 24 89.66
10 25 81.91
10 26 90.24
10 27 117.78
10 28 70.28
10 29 79.30
10 30 94.63
10 31 47.76
10 32 88.86
10 33 75.58
10 34 98.61
10 35 81.79
10 36 93.14
10 37 143.42
10 38 112.11
10 39 97.19
11 0 104.16
11 1 56.00
11 2 122.95
11 3 101.06
11 4 84.14
11 5 147.42
11 6 32.00
11 7 127.08
11 8 131.49
11 9 87.28
11 10 114.76
11 11 0.00
11 12 85.28
11 13 94.94
11 14 66.05
11 15 73.17
11 16 75.03
11 17 23.73
11 18 146.69
11 19 114.50
11 20 181.39
11 21 106.62
11 22 100.84
11 23 85.01
11 24 152.89
11 25 196.67
11 26 54.11
11 27 55.65
11 28 111.90
11 29 126.47
11 30 51.49
11 31 106.50
11 32 136.04
11 33 122.75
11 34 161.84
11 35 32.98
11 36 88.60
11 37 83.44
11 38 159.28
11 39 100.25
12 0 126.10
12 1 87.18
12 2 128.65
12 3 64.72
12 4 98.49
12 5 62.14
12 6 89.72
12 7 158.26
12 8 81.30
12 9 118.46
12 10 52.88
12 11 85.28
12 12 0.00
12 13 100.65
12 14 86.20
12 15 95.49
12 16 106.21
12 17 80.65
12 18 90.44
12 19 135.84
12 20 187.09
12 21 94.31
12 22 132.02
12 23 25.20
12 24 99.99
12 25 111.39
12 26 86.81
12 27 114.35
12 28 97.11
12 29 132.18
12 30 83.36
12 31 77.03
12 32 141.74
12 33 128.46
12 34 102.04
12 35 52.30
12 36 48.83
12 37 139.99
12 38 164.99
12 39 124.01
13 0 110.38
13 1 62.68
13 2 38.64
13 3 85.66
13 4 74.20
13 5 90.22
13 6 97.10
13 7 104.12
13 8 74.29
13 9 64.78
13 10 69.46
13 11 94.94
13 12 100.65
13 13 0.00
13 14 94.79
13 15 67.41
13 16 95.55
13 17 71.22
13 18 89.49
13 19 73.14
13 20 86.44
13 21 49.92
13 22 91.68
13 23 110.16
13 24 159.12
13 25 139.47
13 26 83.44
13 27 69.65
13 28 118.13
13 29 57.93
13 30 43.46
13 31 84.82
13 32 41.09
13 33 52.31
13 34 168.07
13 35 79.81
13 36 140.91
13 37 73.96
13 38 64.34
13 39 106.47
14 0 54.48
14 1 32.11
14 2 122.79
14 3 89.88
14 4 83.32
14 5 136.23
14 6 36.34
14 7 72.06
14 8 120.30
14 9 76.64
14 10 103.58
14 11 66.05
14 12 86.20
14 13 94.79
14 14 0.00
14 15 98.69
14 16 28.85
14 17 61.73
14 18 135.51
14 19 114.35
14 20 181.23
14 21 95.44
14 22 63.44
14 23 68.69
14 24 86.84
14 25 185.49
14 26 106.94
14 27 120.59
14 28 81.43
14 29 126.32
14 30 89.61
14 31 95.32
14 32 135.88
14 33 122.59
14 34 108.93
14 35 41.47
14 36 48.84
14 37 146.24
14 38 159.13
14 39 69.00
15 0 136.80
15 1 70.16
15 2 106.05
15 3 112.07
15 4 100.62
15 5 157.63
15 6 75.33
15 7 130.54
15 8 141.70
15 9 36.54
15 10 124.98
15 11 73.17
15 12 95.49
15 13 67.41
15 14 98.69
15 15 0.00
15 16 90.62
15 17 49.44
15 18 156.91
15 19 74.98
15 20 108.22
15 21 116.84
15 22 118.09
15 23 117.65
15 24 185.54
15 25 206.89
15 26 102.66
15 27 88.87
15 28 144.55
15 29 125.34
15 30 42.94
15 31 116.72
15 32 91.18
15 33 119.72
15 34 194.49
15 35 64.04
15 36 121.24
15 37 47.55
15 38 96.67
15 39 132.89
16 0 81.52
16 1 32.87
16 2 123.56
16 3 118.73
16 4 101.80
16 5 165.08
16 6 43.03
16 7 61.88
16 8 149.15
16 9 77.41
16 10 132.42
16 11 75.03
16 12 106.21
16 13 95.55
16 14 28.85
16 15 90.62
16 16 0.00
16 17 53.66
16 18 164.36
16 19 115.11
16 20 182.00
16 21 124.29
16 22 65.86
16 23 97.53
16 24 114.63
16 25 214.33
16 26 126.95
16 27 113.16
16 28 110.28
16 29 132.79
16 30 81.53
16 31 124.17
16 32 136.65
16 33 127.17
16 34 137.78
16 35 61.48
16 36 68.85
16 37 138.17
16 38 159.89
16 39 94.23
17 0 99.84
17 1 33.20
17 2 99.22
17 3 96.44
17 4 79.51
17 5 142.79
17 6 25.88
17 7 103.66
17 8 126.86
17 9 63.87
17 10 110.13
17 11 23.73
17 12 80.65
17 13 71.22
17 14 61.73
17 15 49.44
17 16 53.66
17 17 0.00
17 18 142.07
17 19 90.77
17 20 157.66
17 21 102.00
17 22 81.13
17 23 80.69
17 24 148.58
17 25 192.04
17 26 75.34
17 27 61.55
17 28 107.59
17 29 110.50
17 30 27.87
17 31 101.88
17 32 112.31
17 33 104.88
17 34 157.53
17 35 28.35
17 36 84.28
17 37 84.51
17 38 135.56
17 39 95.93
18 0 127.61
18 1 132.91
18 2 82.09
18 3 66.22
18 4 100.00
18 5 45.51
18 6 151.14
18 7 159.76
18 8 41.76
18 9 154.27
18 10 37.57
18 11 146.69
18 12 90.44
18 13 89.49
18 14 135.51
18 15 156.91
18 16 164.36
18 17 142.07
18 18 0.00
18 19 137.34
18 20 107.79
18 21 58.36
18 22 133.53
18 23 99.96
18 24 123.62
18 25 60.39
18 26 92.59
18 27 107.46
18 28 98.61
18 29 72.81
18 30 126.56
18 31 76.09
18 32 85.86
18 33 38.07
18 34 132.57
18 35 113.72
18 36 130.70
18 37 148.68
18 38 105.52
18 39 125.51
19 0 61.82
19 1 82.24
19 2 55.25
19 3 71.12
19 4 37.34
19 5 124.51
19 6 116.66
19 7 55.56
19 8 95.58
19 9 59.76
19 10 109.01
19 11 114.50
19 12 135.84
19 13 73.14
19 14 114.35
19 15 74.98
19 16 115.11
19 17 90.77
19 18 137.34
19 19 0.00
19 20 66.89
19 21 78.98
19 22 50.91
19 23 129.72
19 24 110.56
19 25 144.49
19 26 156.58
19 27 142.79
19 28 69.57
19 29 64.53
19 30 96.86
19 31 61.25
19 32 51.48
19 33 100.21
19 34 119.51
19 35 99.37
19 36 160.47
19 37 122.52
19 38 44.78
19 39 57.91
20 0 126.76
20 1 149.12
20 2 58.44
20 3 126.22
20 4 97.92
20 5 128.61
20 6 183.55
20 7 120.12
20 8 105.79
20 9 105.24
20 10 134.22
20 11 181.39
20 12 187.09
20 13 86.44
20 14 181.23
20 15 108.22
20 16 182.00
20 17 157.66
20 18 107.79
20 19 66.89
20 20 0.00
20 21 92.78
20 22 117.80
20 23 196.61
20 24 168.51
20 25 99.01
20 26 152.19
20 27 125.74
20 28 134.74
20 29 54.92
20 30 129.90
20 31 110.07
20 32 45.35
20 33 70.66
20 34 172.35
20 35 166.26
20 36 227.35
20 37 99.64
20 38 22.11
20 39 112.23
21 0 69.25
21 1 92.84
21 2 34.34
21 3 35.73
21 4 41.64
21 5 45.53
21 6 111.07
21 7 101.40
21 8 24.87
21 9 114.20
21 10 41.43
21 11 106.62
21 12 94.31
21 13 49.92
21 14 95.44
21 15 116.84
21 16 124.29
21 17 102.00
21 18 58.36
21 19 78.98
21 20 92.78
21 21 0.00
21 22 75.17
21 23 103.83
21 24 109.20
21 25 90.05
21 26 77.60
21 27 98.24
21 28 68.21
21 29 37.87
21 30 86.50
21 31 34.89
21 32 47.43
21 33 52.49
21 34 118.15
21 35 73.65
21 36 134.57
21 37 123.88
21 38 70.68
21 39 67.15
22 0 18.71
22 1 47.93
22 2 63.15
22 3 67.31
22 4 35.94
22 5 120.70
22 6 68.84
22 7 26.24
22 8 91.76
22 9 82.54
22 10 105.20
22 11 100.84
22 12 132.02
22 13 91.68
22 14 63.44
22 15 118.09
22 16 65.86
22 17 81.13
22 18 133.53
22 19 50.91
22 20 117.80
22 21 75.17
22 22 0.00
22 23 110.93
22 24 67.45
22 25 148.48
22 26 152.76
22 27 139.99
22 28 44.42
22 29 66.93
22 30 109.00
22 31 58.31
22 32 87.33
22 33 96.39
22 34 76.40
22 35 87.29
22 36 109.56
22 37 165.64
22 38 95.69
22 39 28.37
23 0 105.01
23 1 66.09
23 2 138.17
23 3 70.39
23 4 98.69
23 5 68.00
23 6 84.31
23 7 137.17
23 8 90.82
23 9 97.37
23 10 62.39
23 11 85.01
23 12 25.20
23 13 110.16
23 14 68.69
23 15 117.65
23 16 97.53
23 17 80.69
23 18 99.96
23 19 129.72
23 20 196.61
23 21 103.83
23 22 110.93
23 23 0.00
23 24 78.90
23 25 116.80
23 26 112.02
23 27 139.55
23 28 76.01
23 29 141.69
23 30 108.56
23 31 86.54
23 32 151.26
23 33 137.97
23 34 76.84
23 35 53.61
23 36 43.42
23 37 165.20
23 38 174.50
23 39 102.92
24 0 48.74
24 1 115.37
24 2 130.60
24 3 73.46
24 4 84.92
24 5 88.67
24 6 123.18
24 7 64.88
24 8 87.92
24 9 149.99
24 10 89.66
24 11 152.89
24 12 99.99
24 13 159.12
24 14 86.84
24 15 185.54
24 16 114.63
24 17 148.58
24 18 123.62
24 19 110.56
24 20 168.51
24 21 109.20
24 22 67.45
24 23 78.90
24 24 0.00
24 25 99.71
24 26 179.90
24 27 207.44
24 28 40.99
24 29 124.11
24 30 176.45
24 31 74.31
24 32 154.78
24 33 161.69
24 34 23.15
24 35 121.50
24 36 64.30
24 37 233.08
24 38 152.88
24 39 56.27
25 0 132.81
25 1 182.89
25 2 100.83
25 3 95.61
25 4 112.54
25 5 49.26
25 6 201.11
25 7 164.59
25 8 65.18
25 9 204.25
25 10 81.91
25 11 196.67
25 12 111.39
25 13 139.47
25 14 185.49
25 15 206.89
25 16 214.33
25 17 192.04
25 18 60.39
25 19 144.49
25 20 99.01
25 21 90.05
25 22 148.48
25 23 116.80
25 24 99.71
25 25 0.00
25 26 142.56
25 27 157.43
25 28 104.05
25 29 81.55
25 30 176.54
25 31 90.17
25 32 115.70
25 33 98.46
25 34 86.31
25 35 163.70
25 36 160.22
25 37 198.66
25 38 110.22
25 39 120.10
26 0 146.84
26 1 107.92
26 2 101.33
26 3 106.44
26 4 119.23
26 5 101.79
26 6 83.92
26 7 179.00
26 8 91.98
26 9 139.20
26 10 90.24
26 11 54.11
26 12 86.81
26 13 83.44
26 14 106.94
26 15 102.66
26 16 126.95
26 17 75.34
26 18 92.59
26 19 156.58
26 20 152.19
26 21 77.60
26 22 152.76
26 23 112.02
26 24 179.90
26 25 142.56
26 26 0.00
26 27 27.54
26 28 138.91
26 29 97.27
26 30 59.72
26 31 105.60
26 32 106.84
26 33 93.55
26 34 188.85
26 35 65.47
26 36 115.61
26 37 57.16
26 38 130.09
26 39 144.75
27 0 158.70
27 1 94.13
27 2 87.54
27 3 133.97
27 4 122.52
27 5 129.32
27 6 84.26
27 7 165.21
27 8 119.52
27 9 125.41
27 10 117.78
27 11 55.65
27 12 114.35
27 13 69.65
27 14 120.59
27 15 88.87
27 16 113.16
27 17 61.55
27 18 107.46
27 19 142.79
27 20 125.74
27 21 98.24
27 22 139.99
27 23 139.55
27 24 207.44
27 25 157.43
27 26 27.54
27 27 0.00
27 28 166.45
27 29 83.33
27 30 45.93
27 31 133.13
27 32 91.31
27 33 70.27
27 34 216.39
27 35 85.94
27 36 143.14
27 37 43.37
27 38 110.97
27 39 154.79
28 0 28.99
28 1 78.83
28 2 89.61
28 3 32.47
28 4 43.93
28 5 85.79
28 6 97.06
28 7 61.15
28 8 56.85
28 9 109.00
28 10 70.28
28 11 111.90
28 12 97.11
28 13 118.13
28 14 81.43
28 15 144.55
28 16 110.28
28 17 107.59
28 18 98.61
28 19 69.57
28 20 134.74
28 21 68.21
28 22 44.42
28 23 76.01
28 24 40.99
28 25 104.05
28 26 138.91
28 27 166.45
28 28 0.00
28 29 83.12
28 30 135.46
28 31 33.31
28 32 113.79
28 33 120.70
28 34 49.94
28 35 80.51
28 36 92.61
28 37 192.09
28 38 112.64
28 39 26.90
29 0 75.37
29 1 101.34
29 2 19.29
29 3 71.30
29 4 43.00
29 5 73.69
29 6 128.63
29 7 86.95
29 8 50.87
29 9 122.71
29 10 79.30
29 11 126.47
29 12 132.18
29 13 57.93
29 14 126.32
29 15 125.34
29 16 132.79
29 17 110.50
29 18 72.81
29 19 64.53
29 20 54.92
29 21 37.87
29 22 66.93
29 23 141.69
29 24 124.11
29 25 81.55
29 26 97.27
29 27 83.33
29 28 83.12
29 29 0.00
29 30 95.00
29 31 55.15
29 32 34.16
29 33 37.58
29 34 133.06
29 35 111.34
29 36 172.44
29 37 117.11
29 38 32.81
29 39 71.46
30 0 127.71
30 1 61.08
30 2 75.71
30 3 102.99
30 4 91.53
30 5 127.29
30 6 53.64
30 7 121.45
30 8 111.36
30 9 79.48
30 10 94.63
30 11 51.49
30 12 83.36
30 13 43.46
30 14 89.61
30 15 42.94
30 16 81.53
30 17 27.87
30 18 126.56
30 19 96.86
30 20 129.90
30 21 86.50
30 22 109.00
30 23 108.56
30 24 176.45
30 25 176.54
30 26 59.72
30 27 45.93
30 28 135.46
30 29 95.00
30 30 0.00
30 31 102.14
30 32 84.55
30 33 89.38
30 34 185.40
30 35 54.95
30 36 112.16
30 37 56.63
30 38 107.80
30 39 123.80
31 0 51.52
31 1 92.72
31 2 56.29
31 3 16.15
31 4 23.91
31 5 63.26
31 6 110.95
31 7 83.67
31 8 34.33
31 9 114.08
31 10 47.76
31 11 106.50
31 12 77.03
31 13 84.82
31 14 95.32
31 15 116.72
31 16 124.17
31 17 101.88
31 18 76.09
31 19 61.25
31 20 110.07
31 21 34.89
31 22 58.31
31 23 86.54
31 24 74.31
31 25 90.17
31 26 105.60
31 27 133.13
31 28 33.31
31 29 55.15
31 30 102.14
31 31 0.00
31 32 80.47
31 33 87.38
31 34 83.26
31 35 73.53
31 36 117.29
31 37 158.78
31 38 87.96
31 39 49.43
32 0 106.04
32 1 103.77
32 2 24.18
32 3 81.32
32 4 69.86
32 5 83.26
32 6 138.19
32 7 99.78
32 8 66.86
32 9 88.55
32 10 88.86
32 11 136.04
32 12 141.74
32 13 41.09
32 14 135.88
32 15 91.18
32 16 136.65
32 17 112.31
32 18 85.86
32 19 51.48
32 20 45.35
32 21 47.43
32 22 87.33
32 23 151.26
32 24 154.78
32 25 115.70
32 26 106.84
32 27 91.31
32 28 113.79
32 29 34.16
32 30 84.55
32 31 80.47
32 32 0.00
32 33 48.73
32 34 163.73
32 35 120.90
32 36 182.00
32 37 82.96
32 38 23.25
32 39 102.13
33 0 112.95
33 1 95.72
33 2 44.96
33 3 88.22
33 4 76.77
33 5 83.57
33 6 124.91
33 7 122.63
33 8 73.77
33 9 117.08
33 10 75.58
33 11 122.75
33 12 128.46
33 13 52.31
33 14 122.59
33 15 119.72
33 16 127.17
33 17 104.88
33 18 38.07
33 19 100.21
33 20 70.66
33 21 52.49
33 22 96.39
33 23 137.97
33 24 161.69
33 25 98.46
33 26 93.55
33 27 70.27
33 28 120.70
33 29 37.58
33 30 89.38
33 31 87.38
33 32 48.73
33 33 0.00
33 34 170.64
33 35 107.62
33 36 168.71
33 37 111.49
33 38 68.39
33 39 109.04
34 0 57.69
34 1 124.32
34 2 139.55
34 3 82.41
34 4 93.87
34 5 87.07
34 6 132.13
34 7 88.03
34 8 96.87
34 9 158.94
34 10 98.61
34 11 161.84
34 12 102.04
34 13 168.07
34 14 108.93
34 15 194.49
34 16 137.78
34 17 157.53
34 18 132.57
34 19 119.51
34 20 172.35
34 21 118.15
34 22 76.40
34 23 76.84
34 24 23.15
34 25 86.31
34 26 188.85
34 27 216.39
34 28 49.94
34 29 133.06
34 30 185.40
34 31 83.26
34 32 163.73
34 33 170.64
34 34 0.00
34 35 130.45
34 36 83.67
34 37 242.03
34 38 161.83
34 39 61.60
35 0 81.37
35 1 42.45
35 2 107.81
35 3 68.09
35 4 68.34
35 5 114.44
35 6 37.42
35 7 113.53
35 8 98.51
35 9 73.73
35 10 81.79
35 11 32.98
35 12 52.30
35 13 79.81
35 14 41.47
35 15 64.04
35 16 61.48
35 17 28.35
35 18 113.72
35 19 99.37
35 20 166.26
35 21 73.65
35 22 87.29
35 23 53.61
35 24 121.50
35 25 163.70
35 26 65.47
35 27 85.94
35 28 80.51
35 29 111.34
35 30 54.95
35 31 73.53
35 32 120.90
35 33 107.62
35 34 130.45
35 35 0.00
35 36 61.10
35 37 111.58
35 38 144.15
35 39 79.28
36 0 100.60
36 1 78.23
36 2 168.91
36 3 101.14
36 4 129.44
36 5 110.97
36 6 58.88
36 7 120.90
36 8 121.56
36 9 122.76
36 10 93.14
36 11 88.60
36 12 48.83
36 13 140.91
36 14 48.84
36 15 121.24
36 16 68.85
36 17 84.28
36 18 130.70
36 19 160.47
36 20 227.35
36 21 134.57
36 22 109.56
36 23 43.42
36 24 64.30
36 25 160.22
36 26 115.61
36 27 143.14
36 28 92.61
36 29 172.44
36 30 112.16
36 31 117.29
36 32 182.00
36 33 168.71
36 34 83.67
36 35 61.10
36 36 0.00
36 37 168.79
36 38 205.25
36 39 115.12
37 0 184.34
37 1 117.71
37 2 102.48
37 3 159.62
37 4 148.16
37 5 154.97
37 6 109.90
37 7 178.08
37 8 145.16
37 9 83.09
37 10 143.42
37 11 83.44
37 12 139.99
37 13 73.96
37 14 146.24
37 15 47.55
37 16 138.17
37 17 84.51
37 18 148.68
37 19 122.52
37 20 99.64
37 21 123.88
37 22 165.64
37 23 165.20
37 24 233.08
37 25 198.66
37 26 57.16
37 27 43.37
37 28 192.09
37 29 117.11
37 30 56.63
37 31 158.78
37 32 82.96
37 33 111.49
37 34 242.03
37 35 111.58
37 36 168.79
37 37 0.00
37 38 88.44
37 39 180.43
38 0 104.65
38 1 127.02
38 2 36.34
38 3 104.11
38 4 75.81
38 5 106.50
38 6 161.44
38 7 98.01
38 8 83.69
38 9 94.04
38 10 112.11
38 11 159.28
38 12 164.99
38 13 64.34
38 14 159.13
38 15 96.67
38 16 159.89
38 17 135.56
38 18 105.52
38 19 44.78
38 20 22.11
38 21 70.68
38 22 95.69
38 23 174.50
38 24 152.88
38 25 110.22
38 26 130.09
38 27 110.97
38 28 112.64
38 29 32.81
38 30 107.80
38 31 87.96
38 32 23.25
38 33 68.39
38 34 161.83
38 35 144.15
38 36 205.25
38 37 88.44
38 38 0.00
38 39 100.23
39 0 14.52
39 1 62.78
39 2 77.95
39 3 59.30
39 4 32.27
39 5 112.69
39 6 81.01
39 7 44.49
39 8 83.75
39 9 97.34
39 10 97.19
39 11 100.25
39 12 124.01
39 13 106.47
39 14 69.00
39 15 132.89
39 16 94.23
39 17 95.93
39 18 125.51
39 19 57.91
39 20 112.23
39 21 67.15
39 22 28.37
39 23 102.92
39 24 56.27
39 25 120.10
39 26 144.75
39 27 154.79
39 28 26.90
39 29 71.46
39 30 123.80
39 31 49.43
39 32 102.13
39 33 109.04
39 34 61.60
39 35 79.28
39 36 115.12
39 37 180.43
39 38 100.23
39 39 0.00
