30 3
0 0 0.00
0 1 158.98
0 2 90.91
0 3 86.94
0 4 174.04
0 5 126.03
0 6 108.73
0 7 196.32
0 8 70.99
0 9 102.85
0 10 127.70
0 11 116.40
0 12 129.75
0 13 131.72
0 14 124.57
0 15 162.19
0 16 111.30
0 17 60.61
0 18 72.92
0 19 101.95
0 20 128.29
0 21 86.21
0 22 109.16
0 23 149.42
0 24 81.15
0 25 55.02
0 26 144.07
0 27 134.67
0 28 95.45
0 29 128.75
1 0 158.98
1 1 0.00
1 2 129.78
1 3 136.37
1 4 81.31
1 5 107.28
1 6 101.70
1 7 43.23
1 8 168.13
1 9 84.94
1 10 115.79
1 11 94.07
1 12 31.36
1 13 64.69
1 14 78.69
1 15 89.63
1 16 73.82
1 17 146.37
1 18 124.52
1 19 77.64
1 20 109.61
1 21 135.78
1 22 118.77
1 23 66.73
1 24 92.99
1 25 107.12
1 26 49.98
1 27 110.49
1 28 75.31
1 29 127.95
2 0 90.91
2 1 129.78
2 2 0.00
2 3 10.52
2 4 90.91
2 5 178.66
2 6 87.84
2 7 167.12
2 8 128.52
2 9 63.60
2 10 135.99
2 11 103.12
2 12 100.55
2 13 102.51
2 14 113.34
2 15 189.39
2 16 57.78
2 17 30.31
2 18 125.55
2 19 146.64
2 20 146.29
2 21 138.84
2 22 54.64
2 23 166.50
2 24 119.18
2 25 81.73
2 26 110.02
2 27 187.30
2 28 136.19
2 29 37.84
3 0 86.94
3 1 136.37
3 2 10.52
3 3 0.00
3 4 87.10
3 5 170.76
3 6 86.12
3 7 173.71
3 8 124.55
3 9 55.70
3 10 128.09
3 11 95.23
3 12 107.15
3 13 109.11
3 14 105.45
3 15 181.50
3 16 64.38
3 17 26.34
3 18 117.65
3 19 138.75
3 20 138.39
3 21 130.95
3 22 44.12
3 23 158.61
3 24 111.29
3 25 73.84
3 26 116.62
3 27 179.41
3 28 128.30
3 29 41.81
4 0 174.04
4 1 81.31
4 2 90.91
4 3 87.10
4 4 0.00
4 5 150.79
4 6 145.21
4 7 100.74
4 8 211.65
4 9 71.19
4 10 86.50
4 11 57.64
4 12 99.11
4 13 146.00
4 14 122.20
4 15 115.23
4 16 102.36
4 17 113.43
4 18 168.03
4 19 121.15
4 20 72.41
4 21 179.30
4 22 64.88
4 23 92.33
4 24 136.50
4 25 150.63
4 26 98.00
4 27 154.01
4 28 118.82
4 29 104.85
5 0 126.03
5 1 107.28
5 2 178.66
5 3 170.76
5 4 150.79
5 5 0.00
5 6 90.82
5 7 91.90
5 8 84.54
5 9 115.06
5 10 82.85
5 11 93.15
5 12 94.55
5 13 138.03
5 14 65.32
5 15 57.77
5 16 152.71
5 17 162.30
5 18 69.49
5 19 32.01
5 20 83.43
5 21 59.22
5 22 131.26
5 23 61.03
5 24 59.47
5 25 96.92
5 26 128.87
5 27 16.90
5 28 42.47
5 29 206.84
6 0 108.73
6 1 101.70
6 2 87.84
6 3 86.12
6 4 145.21
6 5 90.82
6 6 0.00
6 7 87.59
6 8 66.44
6 9 84.48
6 10 172.40
6 11 146.69
6 12 70.34
6 13 68.89
6 14 32.68
6 15 101.56
6 16 82.47
6 17 96.13
6 18 88.69
6 19 89.65
6 20 172.99
6 21 80.45
6 22 108.42
6 23 93.43
6 24 67.64
6 25 53.71
6 26 115.24
6 27 106.46
6 28 88.03
6 29 116.02
7 0 196.32
7 1 43.23
7 2 167.12
7 3 173.71
7 4 100.74
7 5 91.90
7 6 87.59
7 7 0.00
7 8 144.35
7 9 122.29
7 10 153.13
7 11 131.42
7 12 66.56
7 13 102.37
7 14 71.75
7 15 47.27
7 16 117.05
7 17 183.71
7 18 161.39
7 19 94.37
7 20 129.32
7 21 151.12
7 22 156.11
7 23 47.94
7 24 115.17
7 25 141.30
7 26 93.21
7 27 103.37
7 28 100.87
7 29 171.18
8 0 70.99
8 1 168.13
8 2 128.52
8 3 124.55
8 4 211.65
8 5 84.54
8 6 66.44
8 7 144.35
8 8 0.00
8 9 140.45
8 10 167.39
8 11 154.00
8 12 136.77
8 13 135.32
8 14 89.45
8 15 97.08
8 16 148.91
8 17 105.18
8 18 83.68
8 19 90.50
8 20 167.98
8 21 75.44
8 22 146.77
8 23 121.89
8 24 75.15
8 25 61.02
8 26 181.68
8 27 101.45
8 28 92.82
8 29 166.36
9 0 102.85
9 1 84.94
9 2 63.60
9 3 55.70
9 4 71.19
9 5 115.06
9 6 84.48
9 7 122.29
9 8 140.45
9 9 0.00
9 10 87.92
9 11 62.21
9 12 55.72
9 13 85.79
9 14 51.80
9 15 125.80
9 16 42.15
9 17 61.43
9 18 96.84
9 19 83.05
9 20 88.51
9 21 108.10
9 22 33.83
9 23 102.90
9 24 65.31
9 25 79.44
9 26 65.19
9 27 123.71
9 28 72.59
9 29 91.78
10 0 127.70
10 1 115.79
10 2 135.99
10 3 128.09
10 4 86.50
10 5 82.85
10 6 172.40
10 7 153.13
10 8 167.39
10 9 87.92
10 10 0.00
10 11 32.86
10 12 126.82
10 13 173.71
10 14 139.72
10 15 119.00
10 16 130.07
10 17 119.62
10 18 83.71
10 19 82.75
10 20 23.81
10 21 92.79
10 22 88.59
10 23 106.23
10 24 104.76
10 25 130.21
10 26 125.71
10 27 67.50
10 28 84.38
10 29 164.17
11 0 116.40
11 1 94.07
11 2 103.12
11 3 95.23
11 4 57.64
11 5 93.15
11 6 146.69
11 7 131.42
11 8 154.00
11 9 62.21
11 10 32.86
11 11 0.00
11 12 101.10
11 13 147.99
11 14 114.01
11 15 97.29
11 16 104.35
11 17 90.25
11 18 110.39
11 19 63.51
11 20 43.16
11 21 121.65
11 22 55.73
11 23 84.52
11 24 79.04
11 25 104.49
11 26 99.99
11 27 96.36
11 28 61.18
11 29 131.31
12 0 129.75
12 1 31.36
12 2 100.55
12 3 107.15
12 4 99.11
12 5 94.55
12 6 70.34
12 7 66.56
12 8 136.77
12 9 55.72
12 10 126.82
12 11 101.10
12 12 0.00
12 13 46.89
12 14 47.33
12 15 105.29
12 16 58.16
12 17 117.15
12 18 94.83
12 19 62.54
12 20 127.41
12 21 104.42
12 22 89.55
12 23 82.39
12 24 61.62
12 25 75.76
12 26 44.90
12 27 103.20
12 28 52.09
12 29 112.29
13 0 131.72
13 1 64.69
13 2 102.51
13 3 109.11
13 4 146.00
13 5 138.03
13 6 68.89
13 7 102.37
13 8 135.32
13 9 85.79
13 10 173.71
13 11 147.99
13 12 46.89
13 13 0.00
13 14 72.72
13 15 148.77
13 16 44.73
13 17 119.11
13 18 96.79
13 19 106.02
13 20 174.30
13 21 102.97
13 22 109.73
13 23 125.87
13 24 78.56
13 25 76.70
13 26 48.00
13 27 146.68
13 28 95.57
13 29 78.92
14 0 124.57
14 1 78.69
14 2 113.34
14 3 105.45
14 4 122.20
14 5 65.32
14 6 32.68
14 7 71.75
14 8 89.45
14 9 51.80
14 10 139.72
14 11 114.01
14 12 47.33
14 13 72.72
14 14 0.00
14 15 76.05
14 16 87.39
14 17 111.96
14 18 89.64
14 19 56.97
14 20 140.31
14 21 79.37
14 22 84.36
14 23 60.75
14 24 43.42
14 25 69.55
14 26 92.23
14 27 73.96
14 28 55.35
14 29 141.53
15 0 162.19
15 1 89.63
15 2 189.39
15 3 181.50
15 4 115.23
15 5 57.77
15 6 101.56
15 7 47.27
15 8 97.08
15 9 125.80
15 10 119.00
15 11 97.29
15 12 105.29
15 13 148.77
15 14 76.05
15 15 0.00
15 16 163.45
15 17 173.03
15 18 127.26
15 19 60.24
15 20 95.20
15 21 116.99
15 22 142.00
15 23 24.80
15 24 81.04
15 25 107.66
15 26 139.61
15 27 69.25
15 28 66.74
15 29 217.58
16 0 111.30
16 1 73.82
16 2 57.78
16 3 64.38
16 4 102.36
16 5 152.71
16 6 82.47
16 7 117.05
16 8 148.91
16 9 42.15
16 10 130.07
16 11 104.35
16 12 58.16
16 13 44.73
16 14 87.39
16 15 163.45
16 16 0.00
16 17 74.38
16 18 105.30
16 19 120.70
16 20 130.66
16 21 116.56
16 22 66.09
16 23 140.55
16 24 93.24
16 25 87.89
16 26 52.24
16 27 161.36
16 28 110.24
16 29 54.13
17 0 60.61
17 1 146.37
17 2 30.31
17 3 26.34
17 4 113.43
17 5 162.30
17 6 96.13
17 7 183.71
17 8 105.18
17 9 61.43
17 10 119.62
17 11 90.25
17 12 117.15
17 13 119.11
17 14 111.96
17 15 173.03
17 16 74.38
17 17 0.00
17 18 109.19
17 19 130.28
17 20 129.93
17 21 122.48
17 22 51.99
17 23 150.14
17 24 102.82
17 25 65.37
17 26 126.62
17 27 170.94
17 28 119.83
17 29 68.15
18 0 72.92
18 1 124.52
18 2 125.55
18 3 117.65
18 4 168.03
18 5 69.49
18 6 88.69
18 7 161.39
18 8 83.68
18 9 96.84
18 10 83.71
18 11 110.39
18 12 94.83
18 13 96.79
18 14 89.64
18 15 127.26
18 16 105.30
18 17 109.19
18 18 0.00
18 19 67.03
18 20 95.63
18 21 13.29
18 22 103.16
18 23 114.49
18 24 46.22
18 25 46.50
18 26 138.06
18 27 61.76
18 28 60.52
18 29 153.73
19 0 101.95
19 1 77.64
19 2 146.64
19 3 138.75
19 4 121.15
19 5 32.01
19 6 89.65
19 7 94.37
19 8 90.50
19 9 83.05
19 10 82.75
19 11 63.51
19 12 62.54
19 13 106.02
19 14 56.97
19 15 60.24
19 16 120.70
19 17 130.28
19 18 67.03
19 19 0.00
19 20 83.34
19 21 58.15
19 22 99.25
19 23 47.47
19 24 27.46
19 25 64.91
19 26 96.86
19 27 40.66
19 28 10.45
19 29 174.83
20 0 128.29
20 1 109.61
20 2 146.29
20 3 138.39
20 4 72.41
20 5 83.43
20 6 172.99
20 7 129.32
20 8 167.98
20 9 88.51
20 10 23.81
20 11 43.16
20 12 127.41
20 13 174.30
20 14 140.31
20 15 95.20
20 16 130.66
20 17 129.93
20 18 95.63
20 19 83.34
20 20 0.00
20 21 106.89
20 22 98.89
20 23 82.42
20 24 105.35
20 25 130.80
20 26 126.29
20 27 81.60
20 28 84.97
20 29 174.47
21 0 86.21
21 1 135.78
21 2 138.84
21 3 130.95
21 4 179.30
21 5 59.22
21 6 80.45
21 7 151.12
21 8 75.44
21 9 108.10
21 10 92.79
21 11 121.65
21 12 104.42
21 13 102.97
21 14 79.37
21 15 116.99
21 16 116.56
21 17 122.48
21 18 13.29
21 19 58.15
21 20 106.89
21 21 0.00
21 22 114.42
21 23 104.22
21 24 42.80
21 25 57.11
21 26 149.32
21 27 48.47
21 28 60.47
21 29 167.02
22 0 109.16
22 1 118.77
22 2 54.64
22 3 44.12
22 4 64.88
22 5 131.26
22 6 108.42
22 7 156.11
22 8 146.77
22 9 33.83
22 10 88.59
22 11 55.73
22 12 89.55
22 13 109.73
22 14 84.36
22 15 142.00
22 16 66.09
22 17 51.99
22 18 103.16
22 19 99.25
22 20 98.89
22 21 114.42
22 22 0.00
22 23 119.10
22 24 71.79
22 25 85.75
22 26 99.02
22 27 139.91
22 28 88.79
22 29 75.58
23 0 149.42
23 1 66.73
23 2 166.50
23 3 158.61
23 4 92.33
23 5 61.03
23 6 93.43
23 7 47.94
23 8 121.89
23 9 102.90
23 10 106.23
23 11 84.52
23 12 82.39
23 13 125.87
23 14 60.75
23 15 24.80
23 16 140.55
23 17 150.14
23 18 114.49
23 19 47.47
23 20 82.42
23 21 104.22
23 22 119.10
23 23 0.00
23 24 68.27
23 25 94.40
23 26 116.71
23 27 64.25
23 28 53.97
23 29 194.68
24 0 81.15
24 1 92.99
24 2 119.18
24 3 111.29
24 4 136.50
24 5 59.47
24 6 67.64
24 7 115.17
24 8 75.15
24 9 65.31
24 10 104.76
24 11 79.04
24 12 61.62
24 13 78.56
24 14 43.42
24 15 81.04
24 16 93.24
24 17 102.82
24 18 46.22
24 19 27.46
24 20 105.35
24 21 42.80
24 22 71.79
24 23 68.27
24 24 0.00
24 25 37.45
24 26 106.53
24 27 68.12
24 28 20.38
24 29 147.37
25 0 55.02
25 1 107.12
25 2 81.73
25 3 73.84
25 4 150.63
25 5 96.92
25 6 53.71
25 7 141.30
25 8 61.02
25 9 79.44
25 10 130.21
25 11 104.49
25 12 75.76
25 13 76.70
25 14 69.55
25 15 107.66
25 16 87.89
25 17 65.37
25 18 46.50
25 19 64.91
25 20 130.80
25 21 57.11
25 22 85.75
25 23 94.40
25 24 37.45
25 25 0.00
25 26 120.66
25 27 105.57
25 28 54.46
25 29 109.92
26 0 144.07
26 1 49.98
26 2 110.02
26 3 116.62
26 4 98.00
26 5 128.87
26 6 115.24
26 7 93.21
26 8 181.68
26 9 65.19
26 10 125.71
26 11 99.99
26 12 44.90
26 13 48.00
26 14 92.23
26 15 139.61
26 16 52.24
26 17 126.62
26 18 138.06
26 19 96.86
26 20 126.29
26 21 149.32
26 22 99.02
26 23 116.71
26 24 106.53
26 25 120.66
26 26 0.00
26 27 137.52
26 28 88.85
26 29 86.42
27 0 134.67
27 1 110.49
27 2 187.30
27 3 179.41
27 4 154.01
27 5 16.90
27 6 106.46
27 7 103.37
27 8 101.45
27 9 123.71
27 10 67.50
27 11 96.36
27 12 103.20
27 13 146.68
27 14 73.96
27 15 69.25
27 16 161.36
27 17 170.94
27 18 61.76
27 19 40.66
27 20 81.60
27 21 48.47
27 22 139.91
27 23 64.25
27 24 68.12
27 25 105.57
27 26 137.52
27 27 0.00
27 28 51.12
27 29 215.49
28 0 95.45
28 1 75.31
28 2 136.19
28 3 128.30
28 4 118.82
28 5 42.47
28 6 88.03
28 7 100.87
28 8 92.82
28 9 72.59
28 10 84.38
28 11 61.18
28 12 52.09
28 13 95.57
28 14 55.35
28 15 66.74
28 16 110.24
28 17 119.83
28 18 60.52
28 19 10.45
28 20 84.97
28 21 60.47
28 22 88.79
28 23 53.97
28 24 20.38
28 25 54.46
28 26 88.85
28 27 51.12
28 28 0.00
28 29 164.37
29 0 128.75
29 1 127.95
29 2 37.84
29 3 41.81
29 4 104.85
29 5 206.84
29 6 116.02
29 7 171.18
29 8 166.36
29 9 91.78
29 10 164.17
29 11 131.31
29 12 112.29
29 13 78.92
29 14 141.53
29 15 217.58
29 16 54.13
29 17 68.15
29 18 153.73
29 19 174.83
29 20 174.47
29 21 167.02
29 22 75.58
29 23 194.68
29 24 147.37
29 25 109.92
29 26 86.42
29 27 215.49
29 28 164.37
29 29 0.00
