50 3
0 0 0.00
0 1 63.80
0 2 57.45
0 3 114.93
0 4 119.92
0 5 87.82
0 6 102.94
0 7 51.91
0 8 48.47
0 9 76.12
0 10 55.14
0 11 60.68
0 12 103.58
0 13 115.45
0 14 50.85
0 15 147.50
0 16 99.16
0 17 70.64
0 18 90.34
0 19 95.41
0 20 59.69
0 21 69.22
0 22 64.76
0 23 61.17
0 24 109.39
0 25 158.60
0 26 144.87
0 27 94.19
0 28 74.46
0 29 66.93
0 30 85.95
0 31 27.63
0 32 110.43
0 33 162.55
0 34 151.16
0 35 73.65
0 36 66.14
0 37 10.58
0 38 127.64
0 39 70.48
0 40 92.84
0 41 65.57
0 42 99.42
0 43 81.71
0 44 75.70
0 45 20.87
0 46 150.67
0 47 96.63
0 48 159.13
0 49 93.38
1 0 63.80
1 1 0.00
1 2 42.17
1 3 87.86
1 4 178.72
1 5 103.09
1 6 118.22
1 7 51.95
1 8 63.74
1 9 106.81
1 10 118.93
1 11 75.96
1 12 108.98
1 13 130.73
1 14 48.11
1 15 162.77
1 16 35.36
1 17 129.44
1 18 105.62
1 19 126.81
1 20 118.49
1 21 84.49
1 22 22.63
1 23 119.97
1 24 168.19
1 25 173.88
1 26 81.62
1 27 87.00
1 28 94.73
1 29 94.79
1 30 144.75
1 31 86.45
1 32 54.88
1 33 140.46
1 34 166.44
1 35 132.46
1 36 50.86
1 37 67.50
1 38 108.05
1 39 90.75
1 40 78.06
1 41 80.85
1 42 123.90
1 43 96.98
1 44 68.58
1 45 63.53
1 46 165.95
1 47 111.91
1 48 174.40
1 49 66.54
2 0 57.45
2 1 42.17
2 2 0.00
2 3 95.81
2 4 173.39
2 5 145.27
2 6 160.39
2 7 79.86
2 8 105.91
2 9 122.97
2 10 98.02
2 11 118.13
2 12 103.65
2 13 172.90
2 14 27.19
2 15 204.94
2 16 56.28
2 17 124.11
2 18 147.79
2 19 121.48
2 20 113.16
2 21 126.66
2 22 64.80
2 23 114.64
2 24 162.87
2 25 216.05
2 26 123.79
2 27 113.58
2 28 121.32
2 29 124.38
2 30 142.69
2 31 81.10
2 32 97.05
2 33 182.63
2 34 208.61
2 35 127.13
2 36 27.71
2 37 53.04
2 38 150.23
2 39 117.33
2 40 104.64
2 41 123.02
2 42 118.57
2 43 139.16
2 44 105.71
2 45 56.40
2 46 208.12
2 47 154.08
2 48 216.57
2 49 93.12
3 0 114.93
3 1 87.86
3 2 95.81
3 3 0.00
3 4 98.17
3 5 161.28
3 6 179.45
3 7 137.30
3 8 146.97
3 9 181.75
3 10 170.07
3 11 145.49
3 12 22.84
3 13 131.15
3 14 99.24
3 15 149.98
3 16 97.29
3 17 81.63
3 18 114.44
3 19 44.06
3 20 131.01
3 21 100.45
3 22 107.20
3 23 122.51
3 24 103.50
3 25 133.45
3 26 60.80
3 27 172.36
3 28 180.09
3 29 125.86
3 30 99.48
3 31 137.58
3 32 133.64
3 33 90.94
3 34 114.92
3 35 83.95
3 36 104.50
3 37 118.64
3 38 68.13
3 39 176.10
3 40 163.42
3 41 96.94
3 42 47.93
3 43 117.69
3 44 153.94
3 45 114.67
3 46 150.40
3 47 188.17
3 48 153.71
3 49 151.89
4 0 119.92
4 1 178.72
4 2 173.39
4 3 98.17
4 4 0.00
4 5 119.05
4 6 140.42
4 7 171.83
4 8 136.38
4 9 114.12
4 10 98.96
4 11 146.36
4 12 75.33
4 13 126.23
4 14 158.94
4 15 120.17
4 16 188.15
4 17 49.28
4 18 106.16
4 19 66.81
4 20 98.83
4 21 111.12
4 22 178.90
4 23 79.43
4 24 10.53
4 25 79.38
4 26 151.65
4 27 214.11
4 28 176.12
4 29 83.93
4 30 33.97
4 31 92.29
4 32 218.76
4 33 145.78
4 34 115.69
4 35 64.56
4 36 184.23
4 37 120.36
4 38 117.28
4 39 163.65
4 40 212.76
4 41 104.93
4 42 75.42
4 43 112.73
4 44 195.62
4 45 125.77
4 46 111.64
4 47 119.32
4 48 81.05
4 49 213.30
5 0 87.82
5 1 103.09
5 2 145.27
5 3 161.28
5 4 119.05
5 5 0.00
5 6 21.37
5 7 65.41
5 8 39.35
5 9 74.31
5 10 86.44
5 11 27.31
5 12 159.24
5 13 64.94
5 14 138.67
5 15 72.10
5 16 94.10
5 17 93.17
5 18 46.84
5 19 151.06
5 20 90.01
5 21 60.83
5 22 80.47
5 23 80.58
5 24 108.53
5 25 70.78
5 26 113.56
5 27 95.05
5 28 57.07
5 29 35.43
5 30 85.08
5 31 67.55
5 32 99.71
5 33 131.25
5 34 101.16
5 35 116.75
5 36 153.96
5 37 98.40
5 38 96.34
5 39 44.60
5 40 93.70
5 41 64.34
5 42 155.07
5 43 43.59
5 44 76.57
5 45 105.50
5 46 66.31
5 47 26.89
5 48 71.31
5 49 94.25
6 0 102.94
6 1 118.22
6 2 160.39
6 3 179.45
6 4 140.42
6 5 21.37
6 6 0.00
6 7 80.53
6 8 54.48
6 9 92.63
6 10 104.76
6 11 42.26
6 12 177.41
6 13 48.30
6 14 153.79
6 15 53.78
6 16 111.03
6 17 111.34
6 18 65.01
6 19 169.23
6 20 108.18
6 21 79.00
6 22 95.59
6 23 98.75
6 24 129.89
6 25 61.05
6 26 120.61
6 27 73.69
6 28 56.77
6 29 56.49
6 30 106.45
6 31 82.67
6 32 78.34
6 33 112.93
6 34 82.84
6 35 134.93
6 36 169.08
6 37 113.52
6 38 111.32
6 39 50.52
6 40 95.29
6 41 82.51
6 42 173.24
6 43 61.76
6 44 55.20
6 45 120.62
6 46 47.99
6 47 36.13
6 48 59.37
6 49 106.24
7 0 51.91
7 1 51.95
7 2 79.86
7 3 137.30
7 4 171.83
7 5 65.41
7 6 80.53
7 7 0.00
7 8 35.44
7 9 85.65
7 10 97.78
7 11 38.27
7 12 135.26
7 13 93.04
7 14 73.26
7 15 125.09
7 16 68.88
7 17 122.55
7 18 67.93
7 19 127.09
7 20 111.60
7 21 60.71
7 22 30.10
7 23 113.08
7 24 161.30
7 25 136.19
7 26 102.22
7 27 42.28
7 28 42.79
7 29 87.89
7 30 137.86
7 31 79.53
7 32 67.79
7 33 119.91
7 34 128.76
7 35 125.56
7 36 88.55
7 37 51.47
7 38 85.00
7 39 38.80
7 40 40.93
7 41 66.90
7 42 131.10
7 43 59.30
7 44 33.01
7 45 54.83
7 46 128.26
7 47 74.22
7 48 136.72
7 49 41.47
8 0 48.47
8 1 63.74
8 2 105.91
8 3 146.97
8 4 136.38
8 5 39.35
8 6 54.48
8 7 35.44
8 8 0.00
8 9 66.60
8 10 78.73
8 11 23.67
8 12 144.93
8 13 72.65
8 14 99.32
8 15 99.03
8 16 78.55
8 17 87.10
8 18 44.18
8 19 136.75
8 20 76.16
8 21 46.52
8 22 42.51
8 23 77.64
8 24 125.86
8 25 110.14
8 26 121.28
8 27 77.72
8 28 39.74
8 29 52.45
8 30 102.42
8 31 46.24
8 32 86.85
8 33 138.96
8 34 108.87
8 35 102.44
8 36 114.60
8 37 59.05
8 38 104.05
8 39 29.13
8 40 76.37
8 41 50.03
8 42 140.76
8 43 38.87
8 44 59.23
8 45 66.15
8 46 102.20
8 47 48.17
8 48 110.66
8 49 76.91
9 0 76.12
9 1 106.81
9 2 122.97
9 3 181.75
9 4 114.12
9 5 74.31
9 6 92.63
9 7 85.65
9 8 66.60
9 9 0.00
9 10 41.93
9 11 90.27
9 12 179.70
9 13 139.25
9 14 111.40
9 15 146.40
9 16 142.17
9 17 113.64
9 18 110.77
9 19 171.53
9 20 110.48
9 21 108.60
9 22 107.77
9 23 101.04
9 24 103.60
9 25 133.25
9 26 187.87
9 27 109.54
9 28 70.92
9 29 55.89
9 30 92.29
9 31 60.82
9 32 153.44
9 33 205.56
9 34 175.47
9 35 137.22
9 36 105.04
9 37 82.56
9 38 170.65
9 39 68.68
9 40 98.63
9 41 102.27
9 42 175.54
9 43 105.47
9 44 118.66
9 45 96.99
9 46 140.62
9 47 57.73
9 48 120.22
9 49 99.18
10 0 55.14
10 1 118.93
10 2 98.02
10 3 170.07
10 4 98.96
10 5 86.44
10 6 104.76
10 7 97.78
10 8 78.73
10 9 41.93
10 10 0.00
10 11 102.39
10 12 147.23
10 13 151.38
10 14 70.83
10 15 158.53
10 16 154.30
10 17 88.44
10 18 122.90
10 19 129.59
10 20 68.54
10 21 120.73
10 22 119.90
10 23 59.11
10 24 89.85
10 25 149.47
10 26 200.00
10 27 124.27
10 28 86.29
10 29 65.86
10 30 76.11
10 31 32.49
10 32 165.57
10 33 217.69
10 34 187.60
10 35 95.28
10 36 94.39
10 37 51.43
10 38 182.78
10 39 80.81
10 40 122.92
10 41 114.40
10 42 133.60
10 43 117.60
10 44 130.78
10 45 55.40
10 46 152.75
10 47 87.50
10 48 150.00
10 49 123.46
11 0 60.68
11 1 75.96
11 2 118.13
11 3 145.49
11 4 146.36
11 5 27.31
11 6 42.26
11 7 38.27
11 8 23.67
11 9 90.27
11 10 102.39
11 11 0.00
11 12 143.45
11 13 54.77
11 14 111.53
11 15 86.82
11 16 77.07
11 17 97.08
11 18 40.20
11 19 135.27
11 20 86.13
11 21 45.04
11 22 53.33
11 23 87.61
11 24 135.83
11 25 97.92
11 26 97.61
11 27 67.75
11 28 34.60
11 29 62.43
11 30 112.39
11 31 69.91
11 32 72.41
11 33 115.29
11 34 90.48
11 35 100.96
11 36 126.82
11 37 71.26
11 38 80.38
11 39 30.61
11 40 66.40
11 41 48.55
11 42 139.28
11 43 33.63
11 44 49.26
11 45 78.36
11 46 89.99
11 47 42.68
11 48 98.45
11 49 66.94
12 0 103.58
12 1 108.98
12 2 103.65
12 3 22.84
12 4 75.33
12 5 159.24
12 6 177.41
12 7 135.26
12 8 144.93
12 9 179.70
12 10 147.23
12 11 143.45
12 12 0.00
12 13 129.11
12 14 89.54
12 15 147.93
12 16 118.41
12 17 66.06
12 18 112.40
12 19 21.22
12 20 108.17
12 21 98.41
12 22 109.16
12 23 99.68
12 24 81.74
12 25 131.40
12 26 81.91
12 27 170.31
12 28 178.05
12 29 123.81
12 30 87.42
12 31 118.88
12 32 149.02
12 33 88.89
12 34 112.88
12 35 61.12
12 36 114.48
12 37 97.15
12 38 66.09
12 39 174.06
12 40 161.37
12 41 94.90
12 42 25.10
12 43 115.64
12 44 151.90
12 45 91.83
12 46 148.36
12 47 186.13
12 48 151.66
12 49 149.85
13 0 115.45
13 1 130.73
13 2 172.90
13 3 131.15
13 4 126.23
13 5 64.94
13 6 48.30
13 7 93.04
13 8 72.65
13 9 139.25
13 10 151.38
13 11 54.77
13 12 129.11
13 13 0.00
13 14 166.31
13 15 32.05
13 16 121.74
13 17 76.95
13 18 28.47
13 19 120.93
13 20 112.31
13 21 46.24
13 22 108.10
13 23 103.82
13 24 115.70
13 25 46.85
13 26 72.31
13 27 87.88
13 28 69.28
13 29 85.52
13 30 92.26
13 31 118.89
13 32 92.54
13 33 66.31
13 34 36.22
13 35 86.62
13 36 181.59
13 37 126.03
13 38 63.02
13 39 70.56
13 40 107.80
13 41 49.88
13 42 124.94
13 43 33.78
13 44 69.39
13 45 133.13
13 46 35.22
13 47 82.75
13 48 45.18
13 49 118.75
14 0 50.85
14 1 48.11
14 2 27.19
14 3 99.24
14 4 158.94
14 5 138.67
14 6 153.79
14 7 73.26
14 8 99.32
14 9 111.40
14 10 70.83
14 11 111.53
14 12 89.54
14 13 166.31
14 14 0.00
14 15 198.35
14 16 83.47
14 17 117.28
14 18 141.20
14 19 99.27
14 20 90.95
14 21 120.07
14 22 58.20
14 23 92.43
14 24 149.83
14 25 209.45
14 26 129.17
14 27 102.01
14 28 109.74
14 29 117.78
14 30 136.09
14 31 71.12
14 32 94.74
14 33 176.04
14 34 202.02
14 35 104.92
14 36 33.04
14 37 40.27
14 38 143.63
14 39 105.76
14 40 93.07
14 41 116.42
14 42 96.36
14 43 132.56
14 44 99.11
14 45 34.19
14 46 201.52
14 47 147.48
14 48 209.98
14 49 81.55
15 0 147.50
15 1 162.77
15 2 204.94
15 3 149.98
15 4 120.17
15 5 72.10
15 6 53.78
15 7 125.09
15 8 99.03
15 9 146.40
15 10 158.53
15 11 86.82
15 12 147.93
15 13 32.05
15 14 198.35
15 15 0.00
15 16 153.78
15 17 81.87
15 18 57.16
15 19 139.76
15 20 138.24
15 21 78.28
15 22 140.15
15 23 118.84
15 24 109.64
15 25 40.79
15 26 91.13
15 27 108.43
15 28 101.33
15 29 92.68
15 30 87.94
15 31 127.23
15 32 107.89
15 33 59.15
15 34 35.05
15 35 105.45
15 36 213.63
15 37 158.08
15 38 81.85
15 39 95.08
15 40 139.85
15 41 81.93
15 42 143.77
15 43 65.79
15 44 99.24
15 45 165.18
15 46 8.53
15 47 89.91
15 48 39.11
15 49 150.80
16 0 99.16
16 1 35.36
16 2 56.28
16 3 97.29
16 4 188.15
16 5 94.10
16 6 111.03
16 7 68.88
16 8 78.55
16 9 142.17
16 10 154.30
16 11 77.07
16 12 118.41
16 13 121.74
16 14 83.47
16 15 153.78
16 16 0.00
16 17 138.87
16 18 96.62
16 19 136.24
16 20 127.93
16 21 77.04
16 22 38.78
16 23 129.41
16 24 177.63
16 25 164.88
16 26 72.63
16 27 103.93
16 28 111.67
16 29 104.22
16 30 154.19
16 31 121.81
16 32 65.22
16 33 131.47
16 34 157.45
16 35 141.89
16 36 81.84
16 37 102.86
16 38 99.06
16 39 107.68
16 40 95.00
16 41 83.23
16 42 133.33
16 43 87.99
16 44 85.52
16 45 98.90
16 46 156.95
16 47 119.75
16 48 165.41
16 49 83.47
17 0 70.64
17 1 129.44
17 2 124.11
17 3 81.63
17 4 49.28
17 5 93.17
17 6 111.34
17 7 122.55
17 8 87.10
17 9 113.64
17 10 88.44
17 11 97.08
17 12 66.06
17 13 76.95
17 14 117.28
17 15 81.87
17 16 138.87
17 17 0.00
17 18 56.88
17 19 57.89
17 20 57.17
17 21 61.84
17 22 129.62
17 23 40.89
17 24 38.75
17 25 92.18
17 26 111.56
17 27 164.83
17 28 126.84
17 29 57.75
17 30 21.35
17 31 55.96
17 32 169.48
17 33 129.24
17 34 99.15
17 35 23.58
17 36 134.95
17 37 77.00
17 38 94.33
17 39 114.37
17 40 163.47
17 41 55.65
17 42 61.90
17 43 63.45
17 44 146.34
17 45 84.10
17 46 84.25
17 47 120.07
17 48 92.70
17 49 164.02
18 0 90.34
18 1 105.62
18 2 147.79
18 3 114.44
18 4 106.16
18 5 46.84
18 6 65.01
18 7 67.93
18 8 44.18
18 9 110.77
18 10 122.90
18 11 40.20
18 12 112.40
18 13 28.47
18 14 141.20
18 15 57.16
18 16 96.62
18 17 56.88
18 18 0.00
18 19 104.23
18 20 83.84
18 21 21.13
18 22 82.99
18 23 75.35
18 24 95.63
18 25 68.26
18 26 77.10
18 27 107.95
18 28 69.97
18 29 57.05
18 30 72.19
18 31 90.42
18 32 112.61
18 33 94.78
18 34 64.69
18 35 69.92
18 36 156.48
18 37 100.92
18 38 59.87
18 39 61.66
18 40 106.60
18 41 24.77
18 42 108.23
18 43 8.63
18 44 89.46
18 45 108.02
18 46 60.33
18 47 73.73
18 48 68.79
18 49 107.14
19 0 95.41
19 1 126.81
19 2 121.48
19 3 44.06
19 4 66.81
19 5 151.06
19 6 169.23
19 7 127.09
19 8 136.75
19 9 171.53
19 10 129.59
19 11 135.27
19 12 21.22
19 13 120.93
19 14 99.27
19 15 139.76
19 16 136.24
19 17 57.89
19 18 104.23
19 19 0.00
19 20 86.95
19 21 90.24
19 22 126.99
19 23 78.46
19 24 73.57
19 25 123.23
19 26 99.74
19 27 162.20
19 28 169.87
19 29 115.64
19 30 79.24
19 31 110.70
19 32 166.85
19 33 91.67
19 34 107.69
19 35 39.90
19 36 132.32
19 37 88.97
19 38 65.37
19 39 165.89
19 40 160.84
19 41 86.73
19 42 10.80
19 43 107.47
19 44 143.72
19 45 74.54
19 46 140.19
19 47 177.96
19 48 143.49
19 49 161.39
20 0 59.69
20 1 118.49
20 2 113.16
20 3 131.01
20 4 98.83
20 5 90.01
20 6 108.18
20 7 111.60
20 8 76.16
20 9 110.48
20 10 68.54
20 11 86.13
20 12 108.17
20 13 112.31
20 14 90.95
20 15 138.24
20 16 127.93
20 17 57.17
20 18 83.84
20 19 86.95
20 20 0.00
20 21 81.66
20 22 118.67
20 23 19.40
20 24 89.72
20 25 149.34
20 26 160.94
20 27 153.88
20 28 115.90
20 29 57.67
20 30 75.98
20 31 49.65
20 32 158.54
20 33 178.62
20 34 148.53
20 35 47.05
20 36 124.00
20 37 60.13
20 38 143.71
20 39 104.84
20 40 152.53
20 41 75.34
20 42 83.07
20 43 78.53
20 44 135.39
20 45 56.76
20 46 141.41
20 47 116.91
20 48 149.87
20 49 153.07
21 0 69.22
21 1 84.49
21 2 126.66
21 3 100.45
21 4 111.12
21 5 60.83
21 6 79.00
21 7 60.71
21 8 46.52
21 9 108.60
21 10 120.73
21 11 45.04
21 12 98.41
21 13 46.24
21 14 120.07
21 15 78.28
21 16 77.04
21 17 61.84
21 18 21.13
21 19 90.24
21 20 81.66
21 21 0.00
21 22 67.78
21 23 73.17
21 24 100.59
21 25 89.38
21 26 79.28
21 27 102.99
21 28 79.64
21 29 54.87
21 30 77.15
21 31 88.24
21 32 107.65
21 33 96.96
21 34 81.95
21 35 64.85
21 36 135.35
21 37 79.80
21 38 62.05
21 39 75.65
21 40 101.64
21 41 6.32
21 42 94.24
21 43 17.23
21 44 84.50
21 45 86.90
21 46 81.45
21 47 87.72
21 48 89.91
21 49 102.18
22 0 64.76
22 1 22.63
22 2 64.80
22 3 107.20
22 4 178.90
22 5 80.47
22 6 95.59
22 7 30.10
22 8 42.51
22 9 107.77
22 10 119.90
22 11 53.33
22 12 109.16
22 13 108.10
22 14 58.20
22 15 140.15
22 16 38.78
22 17 129.62
22 18 82.99
22 19 126.99
22 20 118.67
22 21 67.78
22 22 0.00
22 23 120.15
22 24 168.37
22 25 151.25
22 26 80.10
22 27 65.16
22 28 72.89
22 29 94.97
22 30 144.93
22 31 87.41
22 32 45.67
22 33 117.83
22 34 143.81
22 35 132.63
22 36 73.49
22 37 68.46
22 38 85.43
22 39 68.90
22 40 56.22
22 41 73.97
22 42 124.07
22 43 74.36
22 44 46.74
22 45 64.50
22 46 143.32
22 47 89.28
22 48 151.78
22 49 44.69
23 0 61.17
23 1 119.97
23 2 114.64
23 3 122.51
23 4 79.43
23 5 80.58
23 6 98.75
23 7 113.08
23 8 77.64
23 9 101.04
23 10 59.11
23 11 87.61
23 12 99.68
23 13 103.82
23 14 92.43
23 15 118.84
23 16 129.41
23 17 40.89
23 18 75.35
23 19 78.46
23 20 19.40
23 21 73.17
23 22 120.15
23 23 0.00
23 24 70.32
23 25 129.94
23 26 152.45
23 27 155.36
23 28 117.38
23 29 45.15
23 30 56.58
23 31 40.22
23 32 160.02
23 33 170.13
23 34 140.04
23 35 38.56
23 36 125.48
23 37 61.61
23 38 135.22
23 39 104.90
23 40 154.01
23 41 66.85
23 42 74.58
23 43 70.04
23 44 136.87
23 45 58.24
23 46 122.01
23 47 107.47
23 48 130.47
23 49 154.55
24 0 109.39
24 1 168.19
24 2 162.87
24 3 103.50
24 4 10.53
24 5 108.53
24 6 129.89
24 7 161.30
24 8 125.86
24 9 103.60
24 10 89.85
24 11 135.83
24 12 81.74
24 13 115.70
24 14 149.83
24 15 109.64
24 16 177.63
24 17 38.75
24 18 95.63
24 19 73.57
24 20 89.72
24 21 100.59
24 22 168.37
24 23 70.32
24 24 0.00
24 25 78.81
24 26 141.13
24 27 203.58
24 28 165.60
24 29 73.40
24 30 23.44
24 31 81.77
24 32 208.24
24 33 151.12
24 34 121.03
24 35 55.45
24 36 173.70
24 37 109.83
24 38 116.21
24 39 153.12
24 40 202.23
24 41 94.40
24 42 77.58
24 43 102.20
24 44 185.09
24 45 116.66
24 46 101.11
24 47 108.79
24 48 70.52
24 49 202.77
25 0 158.60
25 1 173.88
25 2 216.05
25 3 133.45
25 4 79.38
25 5 70.78
25 6 61.05
25 7 136.19
25 8 110.14
25 9 133.25
25 10 149.47
25 11 97.92
25 12 131.40
25 13 46.85
25 14 209.45
25 15 40.79
25 16 164.88
25 17 92.18
25 18 68.26
25 19 123.23
25 20 149.34
25 21 89.38
25 22 151.25
25 23 129.94
25 24 78.81
25 25 0.00
25 26 92.26
25 27 134.73
25 28 112.43
25 29 91.67
25 30 74.78
25 31 138.33
25 32 139.39
25 33 72.31
25 34 42.22
25 35 115.07
25 36 224.74
25 37 169.18
25 38 65.82
25 39 106.18
25 40 150.95
25 41 93.03
25 42 127.24
25 43 76.89
25 44 116.24
25 45 176.28
25 46 32.26
25 47 76.75
25 48 20.26
25 49 161.90
26 0 144.87
26 1 81.62
26 2 123.79
26 3 60.80
26 4 151.65
26 5 113.56
26 6 120.61
26 7 102.22
26 8 121.28
26 9 187.87
26 10 200.00
26 11 97.61
26 12 81.91
26 13 72.31
26 14 129.17
26 15 91.13
26 16 72.63
26 17 111.56
26 18 77.10
26 19 99.74
26 20 160.94
26 21 79.28
26 22 80.10
26 23 152.45
26 24 141.13
26 25 92.26
26 26 0.00
26 27 113.51
26 28 121.25
26 29 134.15
26 30 129.41
26 31 167.52
26 32 74.80
26 33 58.84
26 34 84.82
26 35 113.89
26 36 132.48
26 37 148.57
26 38 34.37
26 39 119.19
26 40 104.57
26 41 85.60
26 42 96.83
26 43 82.41
26 44 95.10
26 45 144.60
26 46 91.56
26 47 131.38
26 48 94.86
26 49 101.05
27 0 94.19
27 1 87.00
27 2 113.58
27 3 172.36
27 4 214.11
27 5 95.05
27 6 73.69
27 7 42.28
27 8 77.72
27 9 109.54
27 10 124.27
27 11 67.75
27 12 170.31
27 13 87.88
27 14 102.01
27 15 108.43
27 16 103.93
27 17 164.83
27 18 107.95
27 19 162.20
27 20 153.88
27 21 102.99
27 22 65.16
27 23 155.36
27 24 203.58
27 25 134.73
27 26 113.51
27 27 0.00
27 28 38.61
27 29 130.17
27 30 180.14
27 31 121.81
27 32 43.91
27 33 96.02
27 34 112.10
27 35 167.84
27 36 105.21
27 37 93.75
27 38 104.22
27 39 50.45
27 40 31.42
27 41 109.18
27 42 166.15
27 43 101.38
27 44 18.49
27 45 97.11
27 46 111.60
27 47 94.79
27 48 133.05
27 49 42.37
28 0 74.46
28 1 94.73
28 2 121.32
28 3 180.09
28 4 176.12
28 5 57.07
28 6 56.77
28 7 42.79
28 8 39.74
28 9 70.92
28 10 86.29
28 11 34.60
28 12 178.05
28 13 69.28
28 14 109.74
28 15 101.33
28 16 111.67
28 17 126.84
28 18 69.97
28 19 169.87
28 20 115.90
28 21 79.64
28 22 72.89
28 23 117.38
28 24 165.60
28 25 112.43
28 26 121.25
28 27 38.61
28 28 0.00
28 29 92.19
28 30 142.16
28 31 83.83
28 32 82.52
28 33 134.63
28 34 104.99
28 35 135.56
28 36 112.31
28 37 80.90
28 38 111.96
28 39 12.47
28 40 38.52
28 41 83.15
28 42 173.88
28 43 63.39
28 44 47.73
28 45 95.33
28 46 104.50
28 47 56.81
28 48 112.96
28 49 49.47
29 0 66.93
29 1 94.79
29 2 124.38
29 3 125.86
29 4 83.93
29 5 35.43
29 6 56.49
29 7 87.89
29 8 52.45
29 9 55.89
29 10 65.86
29 11 62.43
29 12 123.81
29 13 85.52
29 14 117.78
29 15 92.68
29 16 104.22
29 17 57.75
29 18 57.05
29 19 115.64
29 20 57.67
29 21 54.87
29 22 94.97
29 23 45.15
29 24 73.40
29 25 91.67
29 26 134.15
29 27 130.17
29 28 92.19
29 29 0.00
29 30 49.96
29 31 46.66
29 32 134.83
29 33 151.83
29 34 121.74
29 35 81.33
29 36 133.07
29 37 77.51
29 38 116.92
29 39 79.72
29 40 128.82
29 41 48.55
29 42 119.65
29 43 51.74
29 44 111.69
29 45 84.61
29 46 86.90
29 47 62.32
29 48 92.20
29 49 129.37
30 0 85.95
30 1 144.75
30 2 142.69
30 3 99.48
30 4 33.97
30 5 85.08
30 6 106.45
30 7 137.86
30 8 102.42
30 9 92.29
30 10 76.11
30 11 112.39
30 12 87.42
30 13 92.26
30 14 136.09
30 15 87.94
30 16 154.19
30 17 21.35
30 18 72.19
30 19 79.24
30 20 75.98
30 21 77.15
30 22 144.93
30 23 56.58
30 24 23.44
30 25 74.78
30 26 129.41
30 27 180.14
30 28 142.16
30 29 49.96
30 30 0.00
30 31 64.97
30 32 184.80
30 33 147.09
30 34 117.00
30 35 44.93
30 36 151.37
30 37 95.82
30 38 112.18
30 39 129.68
30 40 178.79
30 41 70.96
30 42 83.25
30 43 78.76
30 44 161.65
30 45 102.92
30 46 82.16
30 47 98.71
30 48 73.89
30 49 179.33
31 0 27.63
31 1 86.45
31 2 81.10
31 3 137.58
31 4 92.29
31 5 67.55
31 6 82.67
31 7 79.53
31 8 46.24
31 9 60.82
31 10 32.49
31 11 69.91
31 12 118.88
31 13 118.89
31 14 71.12
31 15 127.23
31 16 121.81
31 17 55.96
31 18 90.42
31 19 110.70
31 20 49.65
31 21 88.24
31 22 87.41
31 23 40.22
31 24 81.77
31 25 138.33
31 26 167.52
31 27 121.81
31 28 83.83
31 29 46.66
31 30 64.97
31 31 0.00
31 32 133.09
31 33 185.20
31 34 155.11
31 35 76.39
31 36 91.93
31 37 30.85
31 38 150.29
31 39 71.36
31 40 120.46
31 41 81.92
31 42 114.71
31 43 85.11
31 44 103.33
31 45 37.95
31 46 130.40
31 47 76.36
31 48 138.86
31 49 121.00
32 0 110.43
32 1 54.88
32 2 97.05
32 3 133.64
32 4 218.76
32 5 99.71
32 6 78.34
32 7 67.79
32 8 86.85
32 9 153.44
32 10 165.57
32 11 72.41
32 12 149.02
32 13 92.54
32 14 94.74
32 15 107.89
32 16 65.22
32 17 169.48
32 18 112.61
32 19 166.85
32 20 158.54
32 21 107.65
32 22 45.67
32 23 160.02
32 24 208.24
32 25 139.39
32 26 74.80
32 27 43.91
32 28 82.52
32 29 134.83
32 30 184.80
32 31 133.09
32 32 0.00
32 33 85.58
32 34 111.56
32 35 172.50
32 36 105.74
32 37 114.14
32 38 101.48
32 39 84.76
32 40 67.74
32 41 113.84
32 42 163.94
32 43 106.03
32 44 34.79
32 45 110.17
32 46 111.07
32 47 99.45
32 48 137.71
32 49 66.62
33 0 162.55
33 1 140.46
33 2 182.63
33 3 90.94
33 4 145.78
33 5 131.25
33 6 112.93
33 7 119.91
33 8 138.96
33 9 205.56
33 10 217.69
33 11 115.29
33 12 88.89
33 13 66.31
33 14 176.04
33 15 59.15
33 16 131.47
33 17 129.24
33 18 94.78
33 19 91.67
33 20 178.62
33 21 96.96
33 22 117.83
33 23 170.13
33 24 151.12
33 25 72.31
33 26 58.84
33 27 96.02
33 28 134.63
33 29 151.83
33 30 147.09
33 31 185.20
33 32 85.58
33 33 0.00
33 34 32.08
33 35 131.57
33 36 191.32
33 37 166.25
33 38 34.91
33 39 136.88
33 40 119.85
33 41 103.28
33 42 95.55
33 43 100.09
33 44 86.90
33 45 162.29
33 46 64.94
33 47 149.06
33 48 90.37
33 49 128.48
34 0 151.16
34 1 166.44
34 2 208.61
34 3 114.92
34 4 115.69
34 5 101.16
34 6 82.84
34 7 128.76
34 8 108.87
34 9 175.47
34 10 187.60
34 11 90.48
34 12 112.88
34 13 36.22
34 14 202.02
34 15 35.05
34 16 157.45
34 17 99.15
34 18 64.69
34 19 107.69
34 20 148.53
34 21 81.95
34 22 143.81
34 23 140.04
34 24 121.03
34 25 42.22
34 26 84.82
34 27 112.10
34 28 104.99
34 29 121.74
34 30 117.00
34 31 155.11
34 32 111.56
34 33 32.08
34 34 0.00
34 35 107.63
34 36 217.30
34 37 161.74
34 38 58.39
34 39 106.78
34 40 143.51
34 41 85.59
34 42 118.49
34 43 70.00
34 44 102.91
34 45 168.84
34 46 35.48
34 47 118.97
34 48 60.28
34 49 154.46
35 0 73.65
35 1 132.46
35 2 127.13
35 3 83.95
35 4 64.56
35 5 116.75
35 6 134.93
35 7 125.56
35 8 102.44
35 9 137.22
35 10 95.28
35 11 100.96
35 12 61.12
35 13 86.62
35 14 104.92
35 15 105.45
35 16 141.89
35 17 23.58
35 18 69.92
35 19 39.90
35 20 47.05
35 21 64.85
35 22 132.63
35 23 38.56
35 24 55.45
35 25 115.07
35 26 113.89
35 27 167.84
35 28 135.56
35 29 81.33
35 30 44.93
35 31 76.39
35 32 172.50
35 33 131.57
35 34 107.63
35 35 0.00
35 36 137.96
35 37 74.09
35 38 96.66
35 39 131.58
35 40 166.49
35 41 58.66
35 42 38.32
35 43 73.16
35 44 149.35
35 45 70.73
35 46 107.14
35 47 143.65
35 48 115.60
35 49 167.03
36 0 66.14
36 1 50.86
36 2 27.71
36 3 104.50
36 4 184.23
36 5 153.96
36 6 169.08
36 7 88.55
36 8 114.60
36 9 105.04
36 10 94.39
36 11 126.82
36 12 114.48
36 13 181.59
36 14 33.04
36 15 213.63
36 16 81.84
36 17 134.95
36 18 156.48
36 19 132.32
36 20 124.00
36 21 135.35
36 22 73.49
36 23 125.48
36 24 173.70
36 25 224.74
36 26 132.48
36 27 105.21
36 28 112.31
36 29 133.07
36 30 151.37
36 31 91.93
36 32 105.74
36 33 191.32
36 34 217.30
36 35 137.96
36 36 0.00
36 37 63.87
36 38 158.91
36 39 118.55
36 40 76.94
36 41 131.71
36 42 129.40
36 43 147.85
36 44 114.40
36 45 67.23
36 46 216.81
36 47 162.77
36 48 225.26
36 49 65.41
37 0 10.58
37 1 67.50
37 2 53.04
37 3 118.64
37 4 120.36
37 5 98.40
37 6 113.52
37 7 51.47
37 8 59.05
37 9 82.56
37 10 51.43
37 11 71.26
37 12 97.15
37 13 126.03
37 14 40.27
37 15 158.08
37 16 102.86
37 17 77.00
37 18 100.92
37 19 88.97
37 20 60.13
37 21 79.80
37 22 68.46
37 23 61.61
37 24 109.83
37 25 169.18
37 26 148.57
37 27 93.75
37 28 80.90
37 29 77.51
37 30 95.82
37 31 30.85
37 32 114.14
37 33 166.25
37 34 161.74
37 35 74.09
37 36 63.87
37 37 0.00
37 38 131.34
37 39 76.91
37 40 92.40
37 41 76.15
37 42 92.98
37 43 92.29
37 44 79.35
37 45 14.43
37 46 161.25
37 47 107.21
37 48 169.71
37 49 92.94
38 0 127.64
38 1 108.05
38 2 150.23
38 3 68.13
38 4 117.28
38 5 96.34
38 6 111.32
38 7 85.00
38 8 104.05
38 9 170.65
38 10 182.78
38 11 80.38
38 12 66.09
38 13 63.02
38 14 143.63
38 15 81.85
38 16 99.06
38 17 94.33
38 18 59.87
38 19 65.37
38 20 143.71
38 21 62.05
38 22 85.43
38 23 135.22
38 24 116.21
38 25 65.82
38 26 34.37
38 27 104.22
38 28 111.96
38 29 116.92
38 30 112.18
38 31 150.29
38 32 101.48
38 33 34.91
38 34 58.39
38 35 96.66
38 36 158.91
38 37 131.34
38 38 0.00
38 39 107.97
38 40 95.47
38 41 68.37
38 42 62.46
38 43 65.18
38 44 85.81
38 45 127.37
38 46 82.27
38 47 120.04
38 48 85.57
38 49 96.08
39 0 70.48
39 1 90.75
39 2 117.33
39 3 176.10
39 4 163.65
39 5 44.60
39 6 50.52
39 7 38.80
39 8 29.13
39 9 68.68
39 10 80.81
39 11 30.61
39 12 174.06
39 13 70.56
39 14 105.76
39 15 95.08
39 16 107.68
39 17 114.37
39 18 61.66
39 19 165.89
39 20 104.84
39 21 75.65
39 22 68.90
39 23 104.90
39 24 153.12
39 25 106.18
39 26 119.19
39 27 50.45
39 28 12.47
39 29 79.72
39 30 129.68
39 31 71.36
39 32 84.76
39 33 136.88
39 34 106.78
39 35 131.58
39 36 118.55
39 37 76.91
39 38 107.97
39 39 0.00
39 40 49.10
39 41 79.16
39 42 169.90
39 43 58.42
39 44 49.97
39 45 91.35
39 46 98.25
39 47 44.33
39 48 106.71
39 49 55.71
40 0 92.84
40 1 78.06
40 2 104.64
40 3 163.42
40 4 212.76
40 5 93.70
40 6 95.29
40 7 40.93
40 8 76.37
40 9 98.63
40 10 122.92
40 11 66.40
40 12 161.37
40 13 107.80
40 14 93.07
40 15 139.85
40 16 95.00
40 17 163.47
40 18 106.60
40 19 160.84
40 20 152.53
40 21 101.64
40 22 56.22
40 23 154.01
40 24 202.23
40 25 150.95
40 26 104.57
40 27 31.42
40 28 38.52
40 29 128.82
40 30 178.79
40 31 120.46
40 32 67.74
40 33 119.85
40 34 143.51
40 35 166.49
40 36 76.94
40 37 92.40
40 38 95.47
40 39 49.10
40 40 0.00
40 41 107.83
40 42 157.93
40 43 100.03
40 44 40.61
40 45 95.76
40 46 143.02
40 47 93.44
40 48 151.48
40 49 11.52
41 0 65.57
41 1 80.85
41 2 123.02
41 3 96.94
41 4 104.93
41 5 64.34
41 6 82.51
41 7 66.90
41 8 50.03
41 9 102.27
41 10 114.40
41 11 48.55
41 12 94.90
41 13 49.88
41 14 116.42
41 15 81.93
41 16 83.23
41 17 55.65
41 18 24.77
41 19 86.73
41 20 75.34
41 21 6.32
41 22 73.97
41 23 66.85
41 24 94.40
41 25 93.03
41 26 85.60
41 27 109.18
41 28 83.15
41 29 48.55
41 30 70.96
41 31 81.92
41 32 113.84
41 33 103.28
41 34 85.59
41 35 58.66
41 36 131.71
41 37 76.15
41 38 68.37
41 39 79.16
41 40 107.83
41 41 0.00
41 42 90.74
41 43 20.74
41 44 90.69
41 45 83.25
41 46 85.10
41 47 91.23
41 48 93.56
41 49 108.37
42 0 99.42
42 1 123.90
42 2 118.57
42 3 47.93
42 4 75.42
42 5 155.07
42 6 173.24
42 7 131.10
42 8 140.76
42 9 175.54
42 10 133.60
42 11 139.28
42 12 25.10
42 13 124.94
42 14 96.36
42 15 143.77
42 16 133.33
42 17 61.90
42 18 108.23
42 19 10.80
42 20 83.07
42 21 94.24
42 22 124.07
42 23 74.58
42 24 77.58
42 25 127.24
42 26 96.83
42 27 166.15
42 28 173.88
42 29 119.65
42 30 83.25
42 31 114.71
42 32 163.94
42 33 95.55
42 34 118.49
42 35 38.32
42 36 129.40
42 37 92.98
42 38 62.46
42 39 169.90
42 40 157.93
42 41 90.74
42 42 0.00
42 43 111.48
42 44 147.73
42 45 78.55
42 46 144.19
42 47 181.96
42 48 147.50
42 49 158.47
43 0 81.71
43 1 96.98
43 2 139.16
43 3 117.69
43 4 112.73
43 5 43.59
43 6 61.76
43 7 59.30
43 8 38.87
43 9 105.47
43 10 117.60
43 11 33.63
43 12 115.64
43 13 33.78
43 14 132.56
43 15 65.79
43 16 87.99
43 17 63.45
43 18 8.63
43 19 107.47
43 20 78.53
43 21 17.23
43 22 74.36
43 23 70.04
43 24 102.20
43 25 76.89
43 26 82.41
43 27 101.38
43 28 63.39
43 29 51.74
43 30 78.76
43 31 85.11
43 32 106.03
43 33 100.09
43 34 70.00
43 35 73.16
43 36 147.85
43 37 92.29
43 38 65.18
43 39 58.42
43 40 100.03
43 41 20.74
43 42 111.48
43 43 0.00
43 44 82.89
43 45 99.39
43 46 68.96
43 47 70.49
43 48 77.42
43 49 100.57
44 0 75.70
44 1 68.58
44 2 105.71
44 3 153.94
44 4 195.62
44 5 76.57
44 6 55.20
44 7 33.01
44 8 59.23
44 9 118.66
44 10 130.78
44 11 49.26
44 12 151.90
44 13 69.39
44 14 99.11
44 15 99.24
44 16 85.52
44 17 146.34
44 18 89.46
44 19 143.72
44 20 135.39
44 21 84.50
44 22 46.74
44 23 136.87
44 24 185.09
44 25 116.24
44 26 95.10
44 27 18.49
44 28 47.73
44 29 111.69
44 30 161.65
44 31 103.33
44 32 34.79
44 33 86.90
44 34 102.91
44 35 149.35
44 36 114.40
44 37 79.35
44 38 85.81
44 39 49.97
44 40 40.61
44 41 90.69
44 42 147.73
44 43 82.89
44 44 0.00
44 45 78.63
44 46 102.41
44 47 76.30
44 48 114.57
44 49 51.56
45 0 20.87
45 1 63.53
45 2 56.40
45 3 114.67
45 4 125.77
45 5 105.50
45 6 120.62
45 7 54.83
45 8 66.15
45 9 96.99
45 10 55.40
45 11 78.36
45 12 91.83
45 13 133.13
45 14 34.19
45 15 165.18
45 16 98.90
45 17 84.10
45 18 108.02
45 19 74.54
45 20 56.76
45 21 86.90
45 22 64.50
45 23 58.24
45 24 116.66
45 25 176.28
45 26 144.60
45 27 97.11
45 28 95.33
45 29 84.61
45 30 102.92
45 31 37.95
45 32 110.17
45 33 162.29
45 34 168.84
45 35 70.73
45 36 67.23
45 37 14.43
45 38 127.37
45 39 91.35
45 40 95.76
45 41 83.25
45 42 78.55
45 43 99.39
45 44 78.63
45 45 0.00
45 46 168.35
45 47 114.31
45 48 176.81
45 49 96.31
46 0 150.67
46 1 165.95
46 2 208.12
46 3 150.40
46 4 111.64
46 5 66.31
46 6 47.99
46 7 128.26
46 8 102.20
46 9 140.62
46 10 152.75
46 11 89.99
46 12 148.36
46 13 35.22
46 14 201.52
46 15 8.53
46 16 156.95
46 17 84.25
46 18 60.33
46 19 140.19
46 20 141.41
46 21 81.45
46 22 143.32
46 23 122.01
46 24 101.11
46 25 32.26
46 26 91.56
46 27 111.60
46 28 104.50
46 29 86.90
46 30 82.16
46 31 130.40
46 32 111.07
46 33 64.94
46 34 35.48
46 35 107.14
46 36 216.81
46 37 161.25
46 38 82.27
46 39 98.25
46 40 143.02
46 41 85.10
46 42 144.19
46 43 68.96
46 44 102.41
46 45 168.35
46 46 0.00
46 47 84.13
46 48 30.59
46 49 153.97
47 0 96.63
47 1 111.91
47 2 154.08
47 3 188.17
47 4 119.32
47 5 26.89
47 6 36.13
47 7 74.22
47 8 48.17
47 9 57.73
47 10 87.50
47 11 42.68
47 12 186.13
47 13 82.75
47 14 147.48
47 15 89.91
47 16 119.75
47 17 120.07
47 18 73.73
47 19 177.96
47 20 116.91
47 21 87.72
47 22 89.28
47 23 107.47
47 24 108.79
47 25 76.75
47 26 131.38
47 27 94.79
47 28 56.81
47 29 62.32
47 30 98.71
47 31 76.36
47 32 99.45
47 33 149.06
47 34 118.97
47 35 143.65
47 36 162.77
47 37 107.21
47 38 120.04
47 39 44.33
47 40 93.44
47 41 91.23
47 42 181.96
47 43 70.49
47 44 76.30
47 45 114.31
47 46 84.13
47 47 0.00
47 48 62.50
47 49 99.93
48 0 159.13
48 1 174.40
48 2 216.57
48 3 153.71
48 4 81.05
48 5 71.31
48 6 59.37
48 7 136.72
48 8 110.66
48 9 120.22
48 10 150.00
48 11 98.45
48 12 151.66
48 13 45.18
48 14 209.98
48 15 39.11
48 16 165.41
48 17 92.70
48 18 68.79
48 19 143.49
48 20 149.87
48 21 89.91
48 22 151.78
48 23 130.47
48 24 70.52
48 25 20.26
48 26 94.86
48 27 133.05
48 28 112.96
48 29 92.20
48 30 73.89
48 31 138.86
48 32 137.71
48 33 90.37
48 34 60.28
48 35 115.60
48 36 225.26
48 37 169.71
48 38 85.57
48 39 106.71
48 40 151.48
48 41 93.56
48 42 147.50
48 43 77.42
48 44 114.57
48 45 176.81
48 46 30.59
48 47 62.50
48 48 0.00
48 49 162.43
49 0 93.38
49 1 66.54
49 2 93.12
49 3 151.89
49 4 213.30
49 5 94.25
49 6 106.24
49 7 41.47
49 8 76.91
49 9 99.18
49 10 123.46
49 11 66.94
49 12 149.85
49 13 118.75
49 14 81.55
49 15 150.80
49 16 83.47
49 17 164.02
49 18 107.14
49 19 161.39
49 20 153.07
49 21 102.18
49 22 44.69
49 23 154.55
49 24 202.77
49 25 161.90
49 26 101.05
49 27 42.37
49 28 49.47
49 29 129.37
49 30 179.33
49 31 121.00
49 32 66.62
49 33 128.48
49 34 154.46
49 35 167.03
49 36 65.41
49 37 92.94
49 38 96.08
49 39 55.71
49 40 11.52
49 41 108.37
49 42 158.47
49 43 100.57
49 44 51.56
49 45 96.31
49 46 153.97
49 47 99.93
49 48 162.43
49 49 0.00
