50 2
0 0 0.00
0 1 80.72
0 2 62.66
0 3 127.23
0 4 72.12
0 5 52.95
0 6 67.22
0 7 3.27
0 8 95.37
0 9 68.74
0 10 128.93
0 11 56.54
0 12 7.07
0 13 78.69
0 14 82.21
0 15 78.12
0 16 34.99
0 17 36.32
0 18 36.67
0 19 24.58
0 20 109.63
0 21 96.60
0 22 35.85
0 23 31.70
0 24 118.61
0 25 103.24
0 26 110.35
0 27 121.64
0 28 52.65
0 29 88.32
0 30 90.46
0 31 43.47
0 32 50.65
0 33 80.09
0 34 53.69
0 35 44.77
0 36 72.45
0 37 17.27
0 38 68.48
0 39 57.91
0 40 91.50
0 41 49.75
0 42 106.54
0 43 101.99
0 44 25.38
0 45 100.20
0 46 112.81
0 47 80.61
0 48 125.43
0 49 93.90
1 0 80.72
1 1 0.00
1 2 143.38
1 3 70.97
1 4 22.78
1 5 91.33
1 6 142.02
1 7 83.46
1 8 14.64
1 9 41.99
1 10 48.74
1 11 60.86
1 12 85.28
1 13 7.98
1 14 41.15
1 15 80.89
1 16 93.29
1 17 69.45
1 18 61.77
1 19 95.13
1 20 28.91
1 21 16.41
1 22 72.19
1 23 111.89
1 24 56.85
1 25 95.95
1 26 73.06
1 27 47.34
1 28 87.77
1 29 58.52
1 30 99.99
1 31 88.22
1 32 64.44
1 33 13.50
1 34 111.72
1 35 49.42
1 36 106.10
1 37 97.46
1 38 91.58
1 39 72.49
1 40 10.77
1 41 34.24
1 42 82.45
1 43 35.72
1 44 85.20
1 45 41.42
1 46 32.08
1 47 37.54
1 48 83.74
1 49 13.18
2 0 62.66
2 1 143.38
2 2 0.00
2 3 77.95
2 4 120.60
2 5 115.61
2 6 17.94
2 7 62.78
2 8 158.03
2 9 131.40
2 10 98.67
2 11 82.52
2 12 58.10
2 13 141.35
2 14 144.87
2 15 62.50
2 16 50.09
2 17 73.94
2 18 99.33
2 19 48.25
2 20 172.29
2 21 140.63
2 22 98.51
2 23 86.83
2 24 86.54
2 25 53.96
2 26 70.32
2 27 96.04
2 28 55.62
2 29 84.86
2 30 43.39
2 31 106.13
2 32 78.94
2 33 129.88
2 34 31.67
2 35 93.96
2 36 37.28
2 37 66.55
2 38 51.81
2 39 70.89
2 40 154.16
2 41 109.14
2 42 60.93
2 43 107.67
2 44 58.19
2 45 162.85
2 46 175.47
2 47 143.27
2 48 76.16
2 49 156.56
3 0 127.23
3 1 70.97
3 2 77.95
3 3 0.00
3 4 55.11
3 5 138.37
3 6 71.05
3 7 130.50
3 8 85.61
3 9 89.03
3 10 26.25
3 11 70.69
3 12 120.16
3 13 68.94
3 14 88.19
3 15 49.11
3 16 92.24
3 17 90.91
3 18 108.81
3 19 102.65
3 20 99.88
3 21 68.22
3 22 119.23
3 23 158.93
3 24 14.12
3 25 24.99
3 26 16.88
3 27 23.62
3 28 74.58
3 29 38.91
3 30 36.77
3 31 135.26
3 32 76.58
3 33 57.46
3 34 73.53
3 35 82.46
3 36 54.78
3 37 144.50
3 38 58.75
3 39 69.32
3 40 81.74
3 41 77.48
3 42 20.69
3 43 35.25
3 44 101.85
3 45 90.44
3 46 103.05
3 47 84.58
3 48 12.77
3 49 84.14
4 0 72.12
4 1 22.78
4 2 120.60
4 3 55.11
4 4 0.00
4 5 83.27
4 6 119.24
4 7 75.39
4 8 37.43
4 9 33.92
4 10 56.81
4 11 38.08
4 12 65.05
4 13 20.75
4 14 33.08
4 15 58.10
4 16 70.51
4 17 46.66
4 18 53.71
4 19 72.34
4 20 51.69
4 21 24.48
4 22 64.12
4 23 103.83
4 24 46.49
4 25 73.17
4 26 50.28
4 27 49.52
4 28 64.98
4 29 35.74
4 30 77.21
4 31 80.15
4 32 41.66
4 33 9.28
4 34 88.93
4 35 27.35
4 36 83.32
4 37 89.39
4 38 68.79
4 39 49.71
4 40 33.56
4 41 22.37
4 42 59.67
4 43 29.87
4 44 62.41
4 45 42.25
4 46 54.87
4 47 29.47
4 48 60.95
4 49 35.96
5 0 52.95
5 1 91.33
5 2 115.61
5 3 138.37
5 4 83.27
5 5 0.00
5 6 114.25
5 7 52.83
5 8 85.09
5 9 49.34
5 10 140.07
5 11 67.68
5 12 57.51
5 13 83.35
5 14 50.18
5 15 89.27
5 16 65.51
5 17 47.46
5 18 29.56
5 19 67.35
5 20 66.69
5 21 107.74
5 22 19.14
5 23 28.77
5 24 129.76
5 25 114.38
5 26 121.49
5 27 132.78
5 28 63.79
5 29 99.46
5 30 101.60
5 31 9.48
5 32 61.79
5 33 91.23
5 34 83.94
5 35 55.92
5 36 83.60
5 37 51.33
5 38 79.62
5 39 69.05
5 40 98.51
5 41 60.90
5 42 117.68
5 43 113.13
5 44 57.42
5 45 49.91
5 46 78.07
5 47 53.79
5 48 136.57
5 49 82.69
6 0 67.22
6 1 142.02
6 2 17.94
6 3 71.05
6 4 119.24
6 5 114.25
6 6 0.00
6 7 70.49
6 8 156.67
6 9 130.04
6 10 97.31
6 11 81.16
6 12 60.15
6 13 139.99
6 14 143.51
6 15 61.14
6 16 48.73
6 17 72.58
6 18 97.97
6 19 46.89
6 20 170.93
6 21 139.27
6 22 97.15
6 23 98.92
6 24 85.17
6 25 46.07
6 26 68.96
6 27 94.68
6 28 54.26
6 29 83.50
6 30 42.03
6 31 104.77
6 32 77.58
6 33 128.52
6 34 30.30
6 35 92.60
6 36 35.92
6 37 84.49
6 38 50.45
6 39 69.53
6 40 152.80
6 41 107.78
6 42 59.57
6 43 106.30
6 44 56.83
6 45 161.49
6 46 174.10
6 47 141.91
6 48 58.28
6 49 155.20
7 0 3.27
7 1 83.46
7 2 62.78
7 3 130.50
7 4 75.39
7 5 52.83
7 6 70.49
7 7 0.00
7 8 95.25
7 9 68.62
7 10 132.20
7 11 59.81
7 12 10.34
7 13 78.58
7 14 82.09
7 15 81.39
7 16 38.26
7 17 39.59
7 18 36.55
7 19 27.85
7 20 109.51
7 21 99.87
7 22 35.73
7 23 28.43
7 24 121.88
7 25 106.51
7 26 113.62
7 27 124.91
7 28 55.92
7 29 91.59
7 30 93.73
7 31 43.35
7 32 53.92
7 33 83.36
7 34 56.97
7 35 48.04
7 36 75.72
7 37 14.00
7 38 71.75
7 39 61.18
7 40 91.38
7 41 53.02
7 42 109.81
7 43 105.26
7 44 28.65
7 45 100.08
7 46 112.69
7 47 80.49
7 48 128.70
7 49 93.78
8 0 95.37
8 1 14.64
8 2 158.03
8 3 85.61
8 4 37.43
8 5 85.09
8 6 156.67
8 7 95.25
8 8 0.00
8 9 35.75
8 10 59.36
8 11 75.51
8 12 99.93
8 13 16.67
8 14 34.91
8 15 95.53
8 16 107.94
8 17 84.09
8 18 58.70
8 19 109.77
8 20 18.40
8 21 22.65
8 22 65.94
8 23 105.65
8 24 71.49
8 25 110.60
8 26 87.70
8 27 61.99
8 28 102.41
8 29 73.16
8 30 114.63
8 31 81.98
8 32 79.09
8 33 28.15
8 34 126.36
8 35 64.07
8 36 120.75
8 37 93.75
8 38 106.22
8 39 87.14
8 40 13.42
8 41 48.89
8 42 97.10
8 43 50.36
8 44 99.84
8 45 35.18
8 46 17.44
8 47 31.30
8 48 98.38
8 49 2.40
9 0 68.74
9 1 41.99
9 2 131.40
9 3 89.03
9 4 33.92
9 5 49.34
9 6 130.04
9 7 68.62
9 8 35.75
9 9 0.00
9 10 90.73
9 11 48.88
9 12 73.30
9 13 34.01
9 14 13.46
9 15 68.91
9 16 81.31
9 17 57.47
9 18 32.08
9 19 83.15
9 20 40.89
9 21 58.40
9 22 32.89
9 23 69.90
9 24 80.41
9 25 83.97
9 26 72.15
9 27 83.44
9 28 75.79
9 29 50.12
9 30 88.01
9 31 46.23
9 32 52.46
9 33 41.89
9 34 99.74
9 35 37.44
9 36 94.13
9 37 67.12
9 38 79.60
9 39 60.51
9 40 49.16
9 41 22.26
9 42 70.47
9 43 63.79
9 44 73.22
9 45 31.45
9 46 44.06
9 47 11.87
9 48 87.23
9 49 33.34
10 0 128.93
10 1 48.74
10 2 98.67
10 3 26.25
10 4 56.81
10 5 140.07
10 6 97.31
10 7 132.20
10 8 59.36
10 9 90.73
10 10 0.00
10 11 72.39
10 12 121.86
10 13 56.72
10 14 89.89
10 15 50.80
10 16 93.93
10 17 92.61
10 18 110.51
10 19 104.34
10 20 73.62
10 21 41.97
10 22 120.93
10 23 160.63
10 24 12.13
10 25 51.24
10 26 28.35
10 27 7.29
10 28 76.28
10 29 40.61
10 30 55.28
10 31 136.96
10 32 78.28
10 33 48.84
10 34 75.23
10 35 84.15
10 36 61.39
10 37 146.20
10 38 60.45
10 39 71.02
10 40 55.49
10 41 79.17
10 42 37.74
10 43 26.94
10 44 103.55
10 45 90.16
10 46 76.80
10 47 86.28
10 48 39.02
10 49 57.89
11 0 56.54
11 1 60.86
11 2 82.52
11 3 70.69
11 4 38.08
11 5 67.68
11 6 81.16
11 7 59.81
11 8 75.51
11 9 48.88
11 10 72.39
11 11 0.00
11 12 49.47
11 13 58.83
11 14 62.35
11 15 21.59
11 16 32.43
11 17 20.22
11 18 38.12
11 19 34.27
11 20 89.77
11 21 58.11
11 22 48.54
11 23 88.24
11 24 62.08
11 25 46.70
11 26 53.81
11 27 65.10
11 28 26.90
11 29 31.78
11 30 39.13
11 31 64.57
11 32 5.89
11 33 47.36
11 34 50.86
11 35 11.76
11 36 45.24
11 37 73.81
11 38 30.71
11 39 11.63
11 40 71.64
11 41 26.62
11 42 50.00
11 43 45.45
11 44 31.16
11 45 80.33
11 46 92.94
11 47 60.75
11 48 68.89
11 49 74.04
12 0 7.07
12 1 85.28
12 2 58.10
12 3 120.16
12 4 65.05
12 5 57.51
12 6 60.15
12 7 10.34
12 8 99.93
12 9 73.30
12 10 121.86
12 11 49.47
12 12 0.00
12 13 83.25
12 14 86.77
12 15 71.06
12 16 27.92
12 17 29.25
12 18 41.23
12 19 17.52
12 20 114.19
12 21 89.53
12 22 40.41
12 23 38.77
12 24 111.54
12 25 96.17
12 26 103.28
12 27 114.57
12 28 45.58
12 29 81.25
12 30 83.39
12 31 48.03
12 32 43.58
12 33 73.02
12 34 46.63
12 35 37.71
12 36 65.38
12 37 24.34
12 38 61.41
12 39 50.84
12 40 96.06
12 41 51.04
12 42 99.47
12 43 94.92
12 44 18.31
12 45 104.75
12 46 117.37
12 47 85.17
12 48 118.36
12 49 98.46
13 0 78.69
13 1 7.98
13 2 141.35
13 3 68.94
13 4 20.75
13 5 83.35
13 6 139.99
13 7 78.58
13 8 16.67
13 9 34.01
13 10 56.72
13 11 58.83
13 12 83.25
13 13 0.00
13 14 33.17
13 15 78.86
13 16 91.26
13 17 67.42
13 18 53.79
13 19 93.10
13 20 30.94
13 21 24.39
13 22 64.21
13 23 103.91
13 24 54.82
13 25 93.92
13 26 71.03
13 27 49.43
13 28 85.74
13 29 56.49
13 30 97.96
13 31 80.24
13 32 62.41
13 33 11.48
13 34 109.69
13 35 47.39
13 36 104.08
13 37 89.48
13 38 89.55
13 39 70.46
13 40 15.15
13 41 32.21
13 42 80.42
13 43 33.69
13 44 83.17
13 45 33.44
13 46 34.11
13 47 29.56
13 48 81.71
13 49 15.21
14 0 82.21
14 1 41.15
14 2 144.87
14 3 88.19
14 4 33.08
14 5 50.18
14 6 143.51
14 7 82.09
14 8 34.91
14 9 13.46
14 10 89.89
14 11 62.35
14 12 86.77
14 13 33.17
14 14 0.00
14 15 82.37
14 16 94.78
14 17 70.93
14 18 45.54
14 19 96.61
14 20 27.42
14 21 57.56
14 22 46.36
14 23 70.74
14 24 79.58
14 25 97.44
14 26 74.54
14 27 82.60
14 28 89.25
14 29 60.00
14 30 101.47
14 31 47.07
14 32 65.93
14 33 41.05
14 34 113.20
14 35 50.91
14 36 107.59
14 37 80.59
14 38 93.06
14 39 73.98
14 40 48.33
14 41 35.73
14 42 83.94
14 43 62.95
14 44 86.68
14 45 17.99
14 46 30.60
14 47 3.61
14 48 86.39
14 49 32.50
15 0 78.12
15 1 80.89
15 2 62.50
15 3 49.11
15 4 58.10
15 5 89.27
15 6 61.14
15 7 81.39
15 8 95.53
15 9 68.91
15 10 50.80
15 11 21.59
15 12 71.06
15 13 78.86
15 14 82.37
15 15 0.00
15 16 43.13
15 17 41.81
15 18 59.71
15 19 53.54
15 20 109.79
15 21 78.14
15 22 70.12
15 23 109.83
15 24 40.49
15 25 25.11
15 26 32.23
15 27 43.52
15 28 25.47
15 29 22.37
15 30 19.10
15 31 86.16
15 32 27.48
15 33 67.38
15 34 30.83
15 35 33.35
15 36 25.22
15 37 95.39
15 38 10.69
15 39 20.22
15 40 91.66
15 41 46.64
15 42 28.42
15 43 45.17
15 44 52.74
15 45 100.36
15 46 112.97
15 47 80.77
15 48 47.31
15 49 94.06
16 0 34.99
16 1 93.29
16 2 50.09
16 3 92.24
16 4 70.51
16 5 65.51
16 6 48.73
16 7 38.26
16 8 107.94
16 9 81.31
16 10 93.93
16 11 32.43
16 12 27.92
16 13 91.26
16 14 94.78
16 15 43.13
16 16 0.00
16 17 23.85
16 18 49.24
16 19 10.41
16 20 122.20
16 21 90.54
16 22 48.42
16 23 66.70
16 24 83.62
16 25 68.25
16 26 75.36
16 27 86.65
16 28 17.66
16 29 53.33
16 30 55.47
16 31 56.04
16 32 28.85
16 33 79.79
16 34 18.70
16 35 43.87
16 36 37.46
16 37 52.26
16 38 33.49
16 39 22.91
16 40 104.07
16 41 59.05
16 42 71.55
16 43 67.00
16 44 9.61
16 45 112.76
16 46 125.37
16 47 93.18
16 48 90.44
16 49 106.47
17 0 36.32
17 1 69.45
17 2 73.94
17 3 90.91
17 4 46.66
17 5 47.46
17 6 72.58
17 7 39.59
17 8 84.09
17 9 57.47
17 10 92.61
17 11 20.22
17 12 29.25
17 13 67.42
17 14 70.93
17 15 41.81
17 16 23.85
17 17 0.00
17 18 25.39
17 19 25.68
17 20 98.35
17 21 66.70
17 22 28.31
17 23 68.02
17 24 82.30
17 25 66.92
17 26 74.03
17 27 85.32
17 28 18.32
17 29 52.00
17 30 54.14
17 31 44.35
17 32 14.33
17 33 55.94
17 34 42.27
17 35 20.02
17 36 36.66
17 37 53.59
17 38 32.16
17 39 21.59
17 40 80.22
17 41 35.20
17 42 70.22
17 43 65.67
17 44 15.75
17 45 88.92
17 46 101.53
17 47 69.33
17 48 89.11
17 49 82.62
18 0 36.67
18 1 61.77
18 2 99.33
18 3 108.81
18 4 53.71
18 5 29.56
18 6 97.97
18 7 36.55
18 8 58.70
18 9 32.08
18 10 110.51
18 11 38.12
18 12 41.23
18 13 53.79
18 14 45.54
18 15 59.71
18 16 49.24
18 17 25.39
18 18 0.00
18 19 51.07
18 20 72.96
18 21 78.18
18 22 10.41
18 23 50.12
18 24 100.20
18 25 84.82
18 26 91.93
18 27 103.22
18 28 43.71
18 29 69.90
18 30 72.04
18 31 26.45
18 32 32.23
18 33 61.67
18 34 67.66
18 35 26.36
18 36 62.05
18 37 35.69
18 38 50.06
18 39 39.49
18 40 68.95
18 41 31.34
18 42 88.12
18 43 83.57
18 44 41.14
18 45 63.53
18 46 76.14
18 47 43.94
18 48 107.01
18 49 57.23
19 0 24.58
19 1 95.13
19 2 48.25
19 3 102.65
19 4 72.34
19 5 67.35
19 6 46.89
19 7 27.85
19 8 109.77
19 9 83.15
19 10 104.34
19 11 34.27
19 12 17.52
19 13 93.10
19 14 96.61
19 15 53.54
19 16 10.41
19 17 25.68
19 18 51.07
19 19 0.00
19 20 124.04
19 21 92.38
19 22 50.26
19 23 56.29
19 24 94.03
19 25 78.65
19 26 85.77
19 27 97.06
19 28 28.07
19 29 63.74
19 30 65.88
19 31 57.88
19 32 30.69
19 33 81.62
19 34 29.11
19 35 45.71
19 36 47.87
19 37 41.86
19 38 43.90
19 39 33.32
19 40 105.90
19 41 60.89
19 42 81.96
19 43 77.40
19 44 9.93
19 45 114.60
19 46 127.21
19 47 95.01
19 48 100.85
19 49 108.30
20 0 109.63
20 1 28.91
20 2 172.29
20 3 99.88
20 4 51.69
20 5 66.69
20 6 170.93
20 7 109.51
20 8 18.40
20 9 40.89
20 10 73.62
20 11 89.77
20 12 114.19
20 13 30.94
20 14 27.42
20 15 109.79
20 16 122.20
20 17 98.35
20 18 72.96
20 19 124.04
20 20 0.00
20 21 41.05
20 22 73.78
20 23 87.25
20 24 85.76
20 25 124.86
20 26 101.97
20 27 76.25
20 28 116.67
20 29 87.43
20 30 128.90
20 31 66.16
20 32 93.35
20 33 42.41
20 34 140.63
20 35 78.33
20 36 135.01
20 37 108.01
20 38 120.48
20 39 101.40
20 40 31.82
20 41 63.15
20 42 111.36
20 43 64.62
20 44 114.10
20 45 16.77
20 46 11.38
20 47 29.02
20 48 112.64
20 49 16.00
21 0 96.60
21 1 16.41
21 2 140.63
21 3 68.22
21 4 24.48
21 5 107.74
21 6 139.27
21 7 99.87
21 8 22.65
21 9 58.40
21 10 41.97
21 11 58.11
21 12 89.53
21 13 24.39
21 14 57.56
21 15 78.14
21 16 90.54
21 17 66.70
21 18 78.18
21 19 92.38
21 20 41.05
21 21 0.00
21 22 88.60
21 23 128.30
21 24 54.10
21 25 93.21
21 26 70.31
21 27 44.60
21 28 85.02
21 29 55.77
21 30 97.24
21 31 104.63
21 32 61.69
21 33 16.51
21 34 108.97
21 35 51.82
21 36 103.36
21 37 113.87
21 38 88.83
21 39 69.75
21 40 13.52
21 41 46.84
21 42 79.71
21 43 32.97
21 44 82.45
21 45 57.83
21 46 34.83
21 47 53.95
21 48 80.99
21 49 25.06
22 0 35.85
22 1 72.19
22 2 98.51
22 3 119.23
22 4 64.12
22 5 19.14
22 6 97.15
22 7 35.73
22 8 65.94
22 9 32.89
22 10 120.93
22 11 48.54
22 12 40.41
22 13 64.21
22 14 46.36
22 15 70.12
22 16 48.42
22 17 28.31
22 18 10.41
22 19 50.26
22 20 73.78
22 21 88.60
22 22 0.00
22 23 39.71
22 24 110.61
22 25 95.24
22 26 102.35
22 27 113.64
22 28 44.65
22 29 80.32
22 30 82.46
22 31 16.03
22 32 42.65
22 33 72.08
22 34 66.85
22 35 36.77
22 36 64.45
22 37 34.23
22 38 60.48
22 39 49.90
22 40 79.36
22 41 41.75
22 42 98.54
22 43 93.99
22 44 40.32
22 45 64.34
22 46 76.95
22 47 44.76
22 48 117.43
22 49 63.54
23 0 31.70
23 1 111.89
23 2 86.83
23 3 158.93
23 4 103.83
23 5 28.77
23 6 98.92
23 7 28.43
23 8 105.65
23 9 69.90
23 10 160.63
23 11 88.24
23 12 38.77
23 13 103.91
23 14 70.74
23 15 109.83
23 16 66.70
23 17 68.02
23 18 50.12
23 19 56.29
23 20 87.25
23 21 128.30
23 22 39.71
23 23 0.00
23 24 150.32
23 25 134.94
23 26 142.05
23 27 153.34
23 28 84.35
23 29 120.02
23 30 122.16
23 31 23.67
23 32 82.35
23 33 111.79
23 34 85.40
23 35 76.48
23 36 104.16
23 37 22.55
23 38 100.18
23 39 89.61
23 40 119.07
23 41 81.46
23 42 138.24
23 43 133.69
23 44 57.08
23 45 76.02
23 46 98.63
23 47 74.35
23 48 157.13
23 49 103.25
24 0 118.61
24 1 56.85
24 2 86.54
24 3 14.12
24 4 46.49
24 5 129.76
24 6 85.17
24 7 121.88
24 8 71.49
24 9 80.41
24 10 12.13
24 11 62.08
24 12 111.54
24 13 54.82
24 14 79.58
24 15 40.49
24 16 83.62
24 17 82.30
24 18 100.20
24 19 94.03
24 20 85.76
24 21 54.10
24 22 110.61
24 23 150.32
24 24 0.00
24 25 39.11
24 26 16.21
24 27 9.50
24 28 65.96
24 29 30.29
24 30 43.14
24 31 126.65
24 32 67.96
24 33 43.34
24 34 64.92
24 35 73.84
24 36 49.26
24 37 135.88
24 38 50.13
24 39 60.71
24 40 67.62
24 41 68.86
24 42 25.61
24 43 21.13
24 44 93.23
24 45 79.84
24 46 88.93
24 47 75.96
24 48 26.89
24 49 70.02
25 0 103.24
25 1 95.95
25 2 53.96
25 3 24.99
25 4 73.17
25 5 114.38
25 6 46.07
25 7 106.51
25 8 110.60
25 9 83.97
25 10 51.24
25 11 46.70
25 12 96.17
25 13 93.92
25 14 97.44
25 15 25.11
25 16 68.25
25 17 66.92
25 18 84.82
25 19 78.65
25 20 124.86
25 21 93.21
25 22 95.24
25 23 134.94
25 24 39.11
25 25 0.00
25 26 22.89
25 27 48.61
25 28 50.59
25 29 37.43
25 30 12.78
25 31 111.27
25 32 52.59
25 33 82.45
25 34 49.54
25 35 58.46
25 36 30.79
25 37 120.51
25 38 34.76
25 39 45.33
25 40 106.73
25 41 61.71
25 42 13.50
25 43 60.24
25 44 77.86
25 45 115.42
25 46 128.04
25 47 95.84
25 48 22.19
25 49 109.13
26 0 110.35
26 1 73.06
26 2 70.32
26 3 16.88
26 4 50.28
26 5 121.49
26 6 68.96
26 7 113.62
26 8 87.70
26 9 72.15
26 10 28.35
26 11 53.81
26 12 103.28
26 13 71.03
26 14 74.54
26 15 32.23
26 16 75.36
26 17 74.03
26 18 91.93
26 19 85.77
26 20 101.97
26 21 70.31
26 22 102.35
26 23 142.05
26 24 16.21
26 25 22.89
26 26 0.00
26 27 25.72
26 28 57.70
26 29 22.03
26 30 26.93
26 31 118.38
26 32 59.70
26 33 59.55
26 34 56.65
26 35 65.58
26 36 37.90
26 37 127.62
26 38 41.87
26 39 52.44
26 40 83.83
26 41 60.60
26 42 9.39
26 43 37.34
26 44 84.97
26 45 92.53
26 46 105.14
26 47 72.95
26 48 15.08
26 49 86.23
27 0 121.64
27 1 47.34
27 2 96.04
27 3 23.62
27 4 49.52
27 5 132.78
27 6 94.68
27 7 124.91
27 8 61.99
27 9 83.44
27 10 7.29
27 11 65.10
27 12 114.57
27 13 49.43
27 14 82.60
27 15 43.52
27 16 86.65
27 17 85.32
27 18 103.22
27 19 97.06
27 20 76.25
27 21 44.60
27 22 113.64
27 23 153.34
27 24 9.50
27 25 48.61
27 26 25.72
27 27 0.00
27 28 68.99
27 29 33.32
27 30 52.65
27 31 129.67
27 32 70.99
27 33 41.55
27 34 67.94
27 35 76.87
27 36 58.76
27 37 138.91
27 38 53.16
27 39 63.73
27 40 58.12
27 41 71.89
27 42 35.11
27 43 19.65
27 44 96.26
27 45 82.87
27 46 79.43
27 47 78.99
27 48 36.39
27 49 60.52
28 0 52.65
28 1 87.77
28 2 55.62
28 3 74.58
28 4 64.98
28 5 63.79
28 6 54.26
28 7 55.92
28 8 102.41
28 9 75.79
28 10 76.28
28 11 26.90
28 12 45.58
28 13 85.74
28 14 89.25
28 15 25.47
28 16 17.66
28 17 18.32
28 18 43.71
28 19 28.07
28 20 116.67
28 21 85.02
28 22 44.65
28 23 84.35
28 24 65.96
28 25 50.59
28 26 57.70
28 27 68.99
28 28 0.00
28 29 35.67
28 30 37.81
28 31 60.68
28 32 23.32
28 33 74.26
28 34 23.95
28 35 38.34
28 36 19.80
28 37 69.92
28 38 15.83
28 39 15.27
28 40 98.54
28 41 53.52
28 42 53.89
28 43 52.05
28 44 27.27
28 45 107.24
28 46 119.85
28 47 87.65
28 48 72.78
28 49 100.94
29 0 88.32
29 1 58.52
29 2 84.86
29 3 38.91
29 4 35.74
29 5 99.46
29 6 83.50
29 7 91.59
29 8 73.16
29 9 50.12
29 10 40.61
29 11 31.78
29 12 81.25
29 13 56.49
29 14 60.00
29 15 22.37
29 16 53.33
29 17 52.00
29 18 69.90
29 19 63.74
29 20 87.43
29 21 55.77
29 22 80.32
29 23 120.02
29 24 30.29
29 25 37.43
29 26 22.03
29 27 33.32
29 28 35.67
29 29 0.00
29 30 41.47
29 31 96.35
29 32 37.67
29 33 45.01
29 34 53.20
29 35 43.55
29 36 47.59
29 37 105.59
29 38 33.06
29 39 30.41
29 40 69.29
29 41 38.57
29 42 23.94
29 43 22.80
29 44 62.94
29 45 77.99
29 46 90.60
29 47 58.41
29 48 37.11
29 49 71.69
30 0 90.46
30 1 99.99
30 2 43.39
30 3 36.77
30 4 77.21
30 5 101.60
30 6 42.03
30 7 93.73
30 8 114.63
30 9 88.01
30 10 55.28
30 11 39.13
30 12 83.39
30 13 97.96
30 14 101.47
30 15 19.10
30 16 55.47
30 17 54.14
30 18 72.04
30 19 65.88
30 20 128.90
30 21 97.24
30 22 82.46
30 23 122.16
30 24 43.14
30 25 12.78
30 26 26.93
30 27 52.65
30 28 37.81
30 29 41.47
30 30 0.00
30 31 98.49
30 32 39.81
30 33 86.48
30 34 36.76
30 35 50.57
30 36 18.01
30 37 107.73
30 38 21.98
30 39 32.55
30 40 110.76
30 41 65.75
30 42 17.54
30 43 64.27
30 44 65.08
30 45 119.46
30 46 132.07
30 47 99.88
30 48 34.97
30 49 113.16
31 0 43.47
31 1 88.22
31 2 106.13
31 3 135.26
31 4 80.15
31 5 9.48
31 6 104.77
31 7 43.35
31 8 81.98
31 9 46.23
31 10 136.96
31 11 64.57
31 12 48.03
31 13 80.24
31 14 47.07
31 15 86.16
31 16 56.04
31 17 44.35
31 18 26.45
31 19 57.88
31 20 66.16
31 21 104.63
31 22 16.03
31 23 23.67
31 24 126.65
31 25 111.27
31 26 118.38
31 27 129.67
31 28 60.68
31 29 96.35
31 30 98.49
31 31 0.00
31 32 58.68
31 33 88.12
31 34 74.47
31 35 52.81
31 36 80.49
31 37 41.85
31 38 76.51
31 39 65.94
31 40 95.40
31 41 57.79
31 42 114.57
31 43 110.02
31 44 47.94
31 45 56.72
31 46 74.96
31 47 50.68
31 48 133.46
31 49 79.57
32 0 50.65
32 1 64.44
32 2 78.94
32 3 76.58
32 4 41.66
32 5 61.79
32 6 77.58
32 7 53.92
32 8 79.09
32 9 52.46
32 10 78.28
32 11 5.89
32 12 43.58
32 13 62.41
32 14 65.93
32 15 27.48
32 16 28.85
32 17 14.33
32 18 32.23
32 19 30.69
32 20 93.35
32 21 61.69
32 22 42.65
32 23 82.35
32 24 67.96
32 25 52.59
32 26 59.70
32 27 70.99
32 28 23.32
32 29 37.67
32 30 39.81
32 31 58.68
32 32 0.00
32 33 50.94
32 34 47.28
32 35 15.02
32 36 41.66
32 37 67.92
32 38 27.14
32 39 8.05
32 40 75.22
32 41 30.20
32 42 55.89
32 43 51.34
32 44 25.27
32 45 83.91
32 46 96.52
32 47 64.33
32 48 74.78
32 49 77.62
33 0 80.09
33 1 13.50
33 2 129.88
33 3 57.46
33 4 9.28
33 5 91.23
33 6 128.52
33 7 83.36
33 8 28.15
33 9 41.89
33 10 48.84
33 11 47.36
33 12 73.02
33 13 11.48
33 14 41.05
33 15 67.38
33 16 79.79
33 17 55.94
33 18 61.67
33 19 81.62
33 20 42.41
33 21 16.51
33 22 72.08
33 23 111.79
33 24 43.34
33 25 82.45
33 26 59.55
33 27 41.55
33 28 74.26
33 29 45.01
33 30 86.48
33 31 88.12
33 32 50.94
33 33 0.00
33 34 98.21
33 35 35.92
33 36 92.60
33 37 97.36
33 38 78.07
33 39 58.99
33 40 24.28
33 41 30.33
33 42 68.95
33 43 22.21
33 44 71.69
33 45 41.32
33 46 45.59
33 47 37.44
33 48 70.23
33 49 26.68
34 0 53.69
34 1 111.72
34 2 31.67
34 3 73.53
34 4 88.93
34 5 83.94
34 6 30.30
34 7 56.97
34 8 126.36
34 9 99.74
34 10 75.23
34 11 50.86
34 12 46.63
34 13 109.69
34 14 113.20
34 15 30.83
34 16 18.70
34 17 42.27
34 18 67.66
34 19 29.11
34 20 140.63
34 21 108.97
34 22 66.85
34 23 85.40
34 24 64.92
34 25 49.54
34 26 56.65
34 27 67.94
34 28 23.95
34 29 53.20
34 30 36.76
34 31 74.47
34 32 47.28
34 33 98.21
34 34 0.00
34 35 62.29
34 36 18.76
34 37 70.97
34 38 20.14
34 39 39.22
34 40 122.49
34 41 77.48
34 42 52.85
34 43 76.00
34 44 28.31
34 45 131.19
34 46 143.80
34 47 111.60
34 48 71.74
34 49 124.89
35 0 44.77
35 1 49.42
35 2 93.96
35 3 82.46
35 4 27.35
35 5 55.92
35 6 92.60
35 7 48.04
35 8 64.07
35 9 37.44
35 10 84.15
35 11 11.76
35 12 37.71
35 13 47.39
35 14 50.91
35 15 33.35
35 16 43.87
35 17 20.02
35 18 26.36
35 19 45.71
35 20 78.33
35 21 51.82
35 22 36.77
35 23 76.48
35 24 73.84
35 25 58.46
35 26 65.58
35 27 76.87
35 28 38.34
35 29 43.55
35 30 50.57
35 31 52.81
35 32 15.02
35 33 35.92
35 34 62.29
35 35 0.00
35 36 56.68
35 37 62.04
35 38 42.15
35 39 23.07
35 40 60.20
35 41 15.18
35 42 61.77
35 43 57.21
35 44 35.77
35 45 68.89
35 46 81.51
35 47 49.31
35 48 80.66
35 49 62.60
36 0 72.45
36 1 106.10
36 2 37.28
36 3 54.78
36 4 83.32
36 5 83.60
36 6 35.92
36 7 75.72
36 8 120.75
36 9 94.13
36 10 61.39
36 11 45.24
36 12 65.38
36 13 104.08
36 14 107.59
36 15 25.22
36 16 37.46
36 17 36.66
36 18 62.05
36 19 47.87
36 20 135.01
36 21 103.36
36 22 64.45
36 23 104.16
36 24 49.26
36 25 30.79
36 26 37.90
36 27 58.76
36 28 19.80
36 29 47.59
36 30 18.01
36 31 80.49
36 32 41.66
36 33 92.60
36 34 18.76
36 35 56.68
36 36 0.00
36 37 89.72
36 38 14.53
36 39 33.61
36 40 116.88
36 41 71.86
36 42 34.09
36 43 70.39
36 44 47.07
36 45 125.58
36 46 138.19
36 47 105.99
36 48 52.98
36 49 119.28
37 0 17.27
37 1 97.46
37 2 66.55
37 3 144.50
37 4 89.39
37 5 51.33
37 6 84.49
37 7 14.00
37 8 93.75
37 9 67.12
37 10 146.20
37 11 73.81
37 12 24.34
37 13 89.48
37 14 80.59
37 15 95.39
37 16 52.26
37 17 53.59
37 18 35.69
37 19 41.86
37 20 108.01
37 21 113.87
37 22 34.23
37 23 22.55
37 24 135.88
37 25 120.51
37 26 127.62
37 27 138.91
37 28 69.92
37 29 105.59
37 30 107.73
37 31 41.85
37 32 67.92
37 33 97.36
37 34 70.97
37 35 62.04
37 36 89.72
37 37 0.00
37 38 85.75
37 39 75.18
37 40 104.63
37 41 67.03
37 42 123.81
37 43 119.26
37 44 42.65
37 45 98.58
37 46 111.19
37 47 78.99
37 48 142.70
37 49 92.28
38 0 68.48
38 1 91.58
38 2 51.81
38 3 58.75
38 4 68.79
38 5 79.62
38 6 50.45
38 7 71.75
38 8 106.22
38 9 79.60
38 10 60.45
38 11 30.71
38 12 61.41
38 13 89.55
38 14 93.06
38 15 10.69
38 16 33.49
38 17 32.16
38 18 50.06
38 19 43.90
38 20 120.48
38 21 88.83
38 22 60.48
38 23 100.18
38 24 50.13
38 25 34.76
38 26 41.87
38 27 53.16
38 28 15.83
38 29 33.06
38 30 21.98
38 31 76.51
38 32 27.14
38 33 78.07
38 34 20.14
38 35 42.15
38 36 14.53
38 37 85.75
38 38 0.00
38 39 19.08
38 40 102.35
38 41 57.34
38 42 38.06
38 43 55.86
38 44 43.10
38 45 111.05
38 46 123.66
38 47 91.46
38 48 56.95
38 49 104.75
39 0 57.91
39 1 72.49
39 2 70.89
39 3 69.32
39 4 49.71
39 5 69.05
39 6 69.53
39 7 61.18
39 8 87.14
39 9 60.51
39 10 71.02
39 11 11.63
39 12 50.84
39 13 70.46
39 14 73.98
39 15 20.22
39 16 22.91
39 17 21.59
39 18 39.49
39 19 33.32
39 20 101.40
39 21 69.75
39 22 49.90
39 23 89.61
39 24 60.71
39 25 45.33
39 26 52.44
39 27 63.73
39 28 15.27
39 29 30.41
39 30 32.55
39 31 65.94
39 32 8.05
39 33 58.99
39 34 39.22
39 35 23.07
39 36 33.61
39 37 75.18
39 38 19.08
39 39 0.00
39 40 83.27
39 41 38.25
39 42 48.63
39 43 44.08
39 44 32.53
39 45 91.97
39 46 104.58
39 47 72.38
39 48 67.53
39 49 85.67
40 0 91.50
40 1 10.77
40 2 154.16
40 3 81.74
40 4 33.56
40 5 98.51
40 6 152.80
40 7 91.38
40 8 13.42
40 9 49.16
40 10 55.49
40 11 71.64
40 12 96.06
40 13 15.15
40 14 48.33
40 15 91.66
40 16 104.07
40 17 80.22
40 18 68.95
40 19 105.90
40 20 31.82
40 21 13.52
40 22 79.36
40 23 119.07
40 24 67.62
40 25 106.73
40 26 83.83
40 27 58.12
40 28 98.54
40 29 69.29
40 30 110.76
40 31 95.40
40 32 75.22
40 33 24.28
40 34 122.49
40 35 60.20
40 36 116.88
40 37 104.63
40 38 102.35
40 39 83.27
40 40 0.00
40 41 45.02
40 42 93.23
40 43 46.49
40 44 95.97
40 45 48.59
40 46 21.31
40 47 44.71
40 48 94.51
40 49 15.82
41 0 49.75
41 1 34.24
41 2 109.14
41 3 77.48
41 4 22.37
41 5 60.90
41 6 107.78
41 7 53.02
41 8 48.89
41 9 22.26
41 10 79.17
41 11 26.62
41 12 51.04
41 13 32.21
41 14 35.73
41 15 46.64
41 16 59.05
41 17 35.20
41 18 31.34
41 19 60.89
41 20 63.15
41 21 46.84
41 22 41.75
41 23 81.46
41 24 68.86
41 25 61.71
41 26 60.60
41 27 71.89
41 28 53.52
41 29 38.57
41 30 65.75
41 31 57.79
41 32 30.20
41 33 30.33
41 34 77.48
41 35 15.18
41 36 71.86
41 37 67.03
41 38 57.34
41 39 38.25
41 40 45.02
41 41 0.00
41 42 56.79
41 43 52.23
41 44 50.95
41 45 53.71
41 46 66.32
41 47 34.13
41 48 75.68
41 49 47.42
42 0 106.54
42 1 82.45
42 2 60.93
42 3 20.69
42 4 59.67
42 5 117.68
42 6 59.57
42 7 109.81
42 8 97.10
42 9 70.47
42 10 37.74
42 11 50.00
42 12 99.47
42 13 80.42
42 14 83.94
42 15 28.42
42 16 71.55
42 17 70.22
42 18 88.12
42 19 81.96
42 20 111.36
42 21 79.71
42 22 98.54
42 23 138.24
42 24 25.61
42 25 13.50
42 26 9.39
42 27 35.11
42 28 53.89
42 29 23.94
42 30 17.54
42 31 114.57
42 32 55.89
42 33 68.95
42 34 52.85
42 35 61.77
42 36 34.09
42 37 123.81
42 38 38.06
42 39 48.63
42 40 93.23
42 41 56.79
42 42 0.00
42 43 46.74
42 44 81.16
42 45 101.93
42 46 114.54
42 47 82.34
42 48 18.89
42 49 95.63
43 0 101.99
43 1 35.72
43 2 107.67
43 3 35.25
43 4 29.87
43 5 113.13
43 6 106.30
43 7 105.26
43 8 50.36
43 9 63.79
43 10 26.94
43 11 45.45
43 12 94.92
43 13 33.69
43 14 62.95
43 15 45.17
43 16 67.00
43 17 65.67
43 18 83.57
43 19 77.40
43 20 64.62
43 21 32.97
43 22 93.99
43 23 133.69
43 24 21.13
43 25 60.24
43 26 37.34
43 27 19.65
43 28 52.05
43 29 22.80
43 30 64.27
43 31 110.02
43 32 51.34
43 33 22.21
43 34 76.00
43 35 57.21
43 36 70.39
43 37 119.26
43 38 55.86
43 39 44.08
43 40 46.49
43 41 52.23
43 42 46.74
43 43 0.00
43 44 76.61
43 45 63.22
43 46 67.80
43 47 59.34
43 48 48.02
43 49 48.89
44 0 25.38
44 1 85.20
44 2 58.19
44 3 101.85
44 4 62.41
44 5 57.42
44 6 56.83
44 7 28.65
44 8 99.84
44 9 73.22
44 10 103.55
44 11 31.16
44 12 18.31
44 13 83.17
44 14 86.68
44 15 52.74
44 16 9.61
44 17 15.75
44 18 41.14
44 19 9.93
44 20 114.10
44 21 82.45
44 22 40.32
44 23 57.08
44 24 93.23
44 25 77.86
44 26 84.97
44 27 96.26
44 28 27.27
44 29 62.94
44 30 65.08
44 31 47.94
44 32 25.27
44 33 71.69
44 34 28.31
44 35 35.77
44 36 47.07
44 37 42.65
44 38 43.10
44 39 32.53
44 40 95.97
44 41 50.95
44 42 81.16
44 43 76.61
44 44 0.00
44 45 104.67
44 46 117.28
44 47 85.08
44 48 100.05
44 49 98.37
45 0 100.20
45 1 41.42
45 2 162.85
45 3 90.44
45 4 42.25
45 5 49.91
45 6 161.49
45 7 100.08
45 8 35.18
45 9 31.45
45 10 90.16
45 11 80.33
45 12 104.75
45 13 33.44
45 14 17.99
45 15 100.36
45 16 112.76
45 17 88.92
45 18 63.53
45 19 114.60
45 20 16.77
45 21 57.83
45 22 64.34
45 23 76.02
45 24 79.84
45 25 115.42
45 26 92.53
45 27 82.87
45 28 107.24
45 29 77.99
45 30 119.46
45 31 56.72
45 32 83.91
45 33 41.32
45 34 131.19
45 35 68.89
45 36 125.58
45 37 98.58
45 38 111.05
45 39 91.97
45 40 48.59
45 41 53.71
45 42 101.93
45 43 63.22
45 44 104.67
45 45 0.00
45 46 28.16
45 47 19.58
45 48 103.21
45 49 32.77
46 0 112.81
46 1 32.08
46 2 175.47
46 3 103.05
46 4 54.87
46 5 78.07
46 6 174.10
46 7 112.69
46 8 17.44
46 9 44.06
46 10 76.80
46 11 92.94
46 12 117.37
46 13 34.11
46 14 30.60
46 15 112.97
46 16 125.37
46 17 101.53
46 18 76.14
46 19 127.21
46 20 11.38
46 21 34.83
46 22 76.95
46 23 98.63
46 24 88.93
46 25 128.04
46 26 105.14
46 27 79.43
46 28 119.85
46 29 90.60
46 30 132.07
46 31 74.96
46 32 96.52
46 33 45.59
46 34 143.80
46 35 81.51
46 36 138.19
46 37 111.19
46 38 123.66
46 39 104.58
46 40 21.31
46 41 66.32
46 42 114.54
46 43 67.80
46 44 117.28
46 45 28.16
46 46 0.00
46 47 32.20
46 48 115.82
46 49 18.91
47 0 80.61
47 1 37.54
47 2 143.27
47 3 84.58
47 4 29.47
47 5 53.79
47 6 141.91
47 7 80.49
47 8 31.30
47 9 11.87
47 10 86.28
47 11 60.75
47 12 85.17
47 13 29.56
47 14 3.61
47 15 80.77
47 16 93.18
47 17 69.33
47 18 43.94
47 19 95.01
47 20 29.02
47 21 53.95
47 22 44.76
47 23 74.35
47 24 75.96
47 25 95.84
47 26 72.95
47 27 78.99
47 28 87.65
47 29 58.41
47 30 99.88
47 31 50.68
47 32 64.33
47 33 37.44
47 34 111.60
47 35 49.31
47 36 105.99
47 37 78.99
47 38 91.46
47 39 72.38
47 40 44.71
47 41 34.13
47 42 82.34
47 43 59.34
47 44 85.08
47 45 19.58
47 46 32.20
47 47 0.00
47 48 83.62
47 49 28.89
48 0 125.43
48 1 83.74
48 2 76.16
48 3 12.77
48 4 60.95
48 5 136.57
48 6 58.28
48 7 128.70
48 8 98.38
48 9 87.23
48 10 39.02
48 11 68.89
48 12 118.36
48 13 81.71
48 14 86.39
48 15 47.31
48 16 90.44
48 17 89.11
48 18 107.01
48 19 100.85
48 20 112.64
48 21 80.99
48 22 117.43
48 23 157.13
48 24 26.89
48 25 22.19
48 26 15.08
48 27 36.39
48 28 72.78
48 29 37.11
48 30 34.97
48 31 133.46
48 32 74.78
48 33 70.23
48 34 71.74
48 35 80.66
48 36 52.98
48 37 142.70
48 38 56.95
48 39 67.53
48 40 94.51
48 41 75.68
48 42 18.89
48 43 48.02
48 44 100.05
48 45 103.21
48 46 115.82
48 47 83.62
48 48 0.00
48 49 96.91
49 0 93.90
49 1 13.18
49 2 156.56
49 3 84.14
49 4 35.96
49 5 82.69
49 6 155.20
49 7 93.78
49 8 2.40
49 9 33.34
49 10 57.89
49 11 74.04
49 12 98.46
49 13 15.21
49 14 32.50
49 15 94.06
49 16 106.47
49 17 82.62
49 18 57.23
49 19 108.30
49 20 16.00
49 21 25.06
49 22 63.54
49 23 103.25
49 24 70.02
49 25 109.13
49 26 86.23
49 27 60.52
49 28 100.94
49 29 71.69
49 30 113.16
49 31 79.57
49 32 77.62
49 33 26.68
49 34 124.89
49 35 62.60
49 36 119.28
49 37 92.28
49 38 104.75
49 39 85.67
49 40 15.82
49 41 47.42
49 42 95.63
49 43 48.89
49 44 98.37
49 45 32.77
49 46 18.91
49 47 28.89
49 48 96.91
49 49 0.00
