40 3
0 0 0.00
0 1 57.82
0 2 113.20
0 3 62.98
0 4 97.68
0 5 121.15
0 6 58.73
0 7 124.54
0 8 105.15
0 9 38.88
0 10 30.04
0 11 54.05
0 12 94.03
0 13 57.17
0 14 100.38
0 15 102.23
0 16 94.48
0 17 32.36
0 18 50.76
0 19 98.71
0 20 33.92
0 21 32.99
0 22 48.58
0 23 66.68
0 24 79.56
0 25 101.88
0 26 86.81
0 27 111.81
0 28 86.87
0 29 108.29
0 30 63.87
0 31 90.64
0 32 88.78
0 33 43.72
0 34 126.92
0 35 98.69
0 36 38.11
0 37 42.41
0 38 63.99
0 39 137.89
1 0 57.82
1 1 0.00
1 2 133.81
1 3 120.81
1 4 91.96
1 5 178.98
1 6 94.85
1 7 118.81
1 8 86.76
1 9 96.70
1 10 37.57
1 11 78.64
1 12 121.58
1 13 32.84
1 14 106.10
1 15 129.74
1 16 152.31
1 17 90.18
1 18 93.55
1 19 105.15
1 20 85.70
1 21 41.98
1 22 76.10
1 23 83.18
1 24 107.07
1 25 96.15
1 26 144.63
1 27 102.00
1 28 111.45
1 29 135.80
1 30 121.70
1 31 148.47
1 32 113.37
1 33 101.54
1 34 184.75
1 35 126.20
1 36 72.78
1 37 75.45
1 38 102.01
1 39 165.40
2 0 113.20
2 1 133.81
2 2 0.00
2 3 167.19
2 4 88.39
2 5 122.53
2 6 104.61
2 7 48.86
2 8 168.65
2 9 133.26
2 10 111.19
2 11 156.18
2 12 207.23
2 13 163.47
2 14 213.58
2 15 80.92
2 16 130.61
2 17 122.70
2 18 162.22
2 19 143.31
2 20 147.12
2 21 106.49
2 22 94.32
2 23 179.08
2 24 40.45
2 25 77.06
2 26 179.05
2 27 124.02
2 28 132.91
2 29 79.71
2 30 87.26
2 31 185.53
2 32 105.03
2 33 143.67
2 34 136.10
2 35 108.83
2 36 136.27
2 37 155.61
2 38 174.27
2 39 98.92
3 0 62.98
3 1 120.81
3 2 167.19
3 3 0.00
3 4 151.67
3 5 58.17
3 6 77.38
3 7 178.52
3 8 89.22
3 9 38.10
3 10 84.98
3 11 74.81
3 12 40.05
3 13 87.97
3 14 52.81
3 15 86.27
3 16 42.56
3 17 44.48
3 18 34.84
3 19 82.78
3 20 35.11
3 21 88.21
3 22 72.87
3 23 50.76
3 24 126.74
3 25 155.86
3 26 23.82
3 27 125.59
3 28 102.79
3 29 87.48
3 30 79.93
3 31 27.66
3 32 126.69
3 33 39.16
3 34 63.94
3 35 96.61
3 36 48.02
3 37 61.29
3 38 48.06
3 39 112.97
4 0 97.68
4 1 91.96
4 2 88.39
4 3 151.67
4 4 0.00
4 5 204.23
4 6 120.10
4 7 41.87
4 8 153.14
4 9 121.95
4 10 95.67
4 11 89.27
4 12 191.71
4 13 124.59
4 14 198.06
4 15 91.49
4 16 177.56
4 17 115.43
4 18 146.70
4 19 127.79
4 20 131.60
4 21 90.97
4 22 101.08
4 23 163.56
4 24 89.31
4 25 35.92
4 26 169.88
4 27 87.03
4 28 111.64
4 29 107.75
4 30 146.95
4 31 173.72
4 32 113.56
4 33 128.15
4 34 210.00
4 35 71.84
4 36 120.76
4 37 140.09
4 38 158.75
4 39 187.31
5 0 121.15
5 1 178.98
5 2 122.53
5 3 58.17
5 4 204.23
5 5 0.00
5 6 84.13
5 7 164.70
5 8 142.41
5 9 82.27
5 10 143.15
5 11 132.26
5 12 91.47
5 13 146.14
5 14 106.00
5 15 112.74
5 16 27.67
5 17 88.80
5 18 88.03
5 19 135.97
5 20 93.28
5 21 146.38
5 22 103.15
5 23 103.95
5 24 114.92
5 25 182.65
5 26 58.42
5 27 183.76
5 28 101.17
5 29 96.48
5 30 57.28
5 31 63.09
5 32 103.82
5 33 84.55
5 34 13.67
5 35 154.78
5 36 106.19
5 37 110.93
5 38 101.25
5 39 63.33
6 0 58.73
6 1 94.85
6 2 104.61
6 3 77.38
6 4 120.10
6 5 84.13
6 6 0.00
6 7 101.14
6 8 163.88
6 9 43.45
6 10 88.77
6 11 51.58
6 12 117.42
6 13 62.02
6 14 127.46
6 15 120.26
6 16 65.79
6 17 53.37
6 18 109.49
6 19 157.43
6 20 61.87
6 21 91.72
6 22 70.43
6 23 125.41
6 24 77.86
6 25 98.52
6 26 89.24
6 27 170.54
6 28 28.30
6 29 108.85
6 30 39.69
6 31 95.72
6 32 49.32
6 33 53.86
6 34 89.89
6 35 155.34
6 36 96.84
6 37 65.80
6 38 122.72
6 39 136.20
7 0 124.54
7 1 118.81
7 2 48.86
7 3 178.52
7 4 41.87
7 5 164.70
7 6 101.14
7 7 0.00
7 8 179.99
7 9 144.60
7 10 122.53
7 11 113.78
7 12 218.57
7 13 151.45
7 14 224.91
7 15 92.25
7 16 141.94
7 17 134.04
7 18 173.55
7 19 154.64
7 20 158.46
7 21 117.83
7 22 105.65
7 23 190.41
7 24 51.78
7 25 34.66
7 26 190.38
7 27 128.90
7 28 90.51
7 29 91.04
7 30 107.42
7 31 196.86
7 32 71.69
7 33 155.01
7 34 170.47
7 35 113.71
7 36 147.61
7 37 166.95
7 38 185.60
7 39 147.78
8 0 105.15
8 1 86.76
8 2 168.65
8 3 89.22
8 4 153.14
8 5 142.41
8 6 163.88
8 7 179.99
8 8 0.00
8 9 127.33
8 10 75.11
8 11 159.20
8 12 54.21
8 13 116.41
8 14 48.09
8 15 87.74
8 16 114.74
8 17 110.50
8 18 54.39
8 19 25.35
8 20 102.01
8 21 72.16
8 22 93.45
8 23 38.46
8 24 128.21
8 25 157.33
8 26 83.99
8 27 80.74
8 28 192.01
8 29 88.95
8 30 153.58
8 31 81.10
8 32 193.93
8 33 128.38
8 34 128.74
8 35 91.15
8 36 67.04
8 37 116.73
8 38 41.16
8 39 94.69
9 0 38.88
9 1 96.70
9 2 133.26
9 3 38.10
9 4 121.95
9 5 82.27
9 6 43.45
9 7 144.60
9 8 127.33
9 9 0.00
9 10 60.87
9 11 49.98
9 12 76.39
9 13 63.87
9 14 90.91
9 15 105.59
9 16 70.85
9 17 20.86
9 18 72.94
9 19 120.89
9 20 25.32
9 21 64.11
9 22 51.95
9 23 88.86
9 24 92.81
9 25 121.94
9 26 47.93
9 27 133.99
9 28 64.68
9 29 111.65
9 30 46.00
9 31 52.26
9 32 92.77
9 33 10.41
9 34 88.04
9 35 118.80
9 36 60.29
9 37 33.01
9 38 86.17
9 39 141.25
10 0 30.04
10 1 37.57
10 2 111.19
10 3 84.98
10 4 95.67
10 5 143.15
10 6 88.77
10 7 122.53
10 8 75.11
10 9 60.87
10 10 0.00
10 11 84.09
10 12 96.04
10 13 67.23
10 14 102.38
10 15 92.17
10 16 116.47
10 17 54.35
10 18 57.72
10 19 68.67
10 20 49.86
10 21 4.70
10 22 39.99
10 23 67.88
10 24 70.74
10 25 99.87
10 26 108.80
10 27 81.77
10 28 116.91
10 29 98.23
10 30 85.86
10 31 112.64
10 32 118.82
10 33 65.71
10 34 148.91
10 35 88.63
10 36 36.95
10 37 46.43
10 38 66.18
10 39 127.83
11 0 54.05
11 1 78.64
11 2 156.18
11 3 74.81
11 4 89.27
11 5 132.26
11 6 51.58
11 7 113.78
11 8 159.20
11 9 49.98
11 10 84.09
11 11 0.00
11 12 109.30
11 13 48.78
11 14 122.79
11 15 152.11
11 16 117.37
11 17 67.38
11 18 104.81
11 19 152.76
11 20 57.19
11 21 87.04
11 22 98.47
11 23 120.74
11 24 129.44
11 25 86.61
11 26 97.91
11 27 165.86
11 28 35.97
11 29 158.18
11 30 91.27
11 31 101.75
11 32 57.44
11 33 54.82
11 34 138.02
11 35 150.67
11 36 92.16
11 37 57.68
11 38 118.04
11 39 187.78
12 0 94.03
12 1 121.58
12 2 207.23
12 3 40.05
12 4 191.71
12 5 91.47
12 6 117.42
12 7 218.57
12 8 54.21
12 9 76.39
12 10 96.04
12 11 109.30
12 12 0.00
12 13 88.74
12 14 20.96
12 15 126.31
12 16 76.62
12 17 84.53
12 18 45.02
12 19 63.92
12 20 60.11
12 21 100.74
12 22 112.92
12 23 38.40
12 24 166.78
12 25 195.91
12 26 33.05
12 27 126.36
12 28 141.07
12 29 127.53
12 30 119.97
12 31 28.38
12 32 166.74
12 33 77.44
12 34 77.80
12 35 129.73
12 36 70.96
12 37 65.79
12 38 32.96
12 39 113.96
13 0 57.17
13 1 32.84
13 2 163.47
13 3 87.97
13 4 124.59
13 5 146.14
13 6 62.02
13 7 151.45
13 8 116.41
13 9 63.87
13 10 67.23
13 11 48.78
13 12 88.74
13 13 0.00
13 14 74.01
13 15 159.40
13 16 124.65
13 17 74.67
13 18 94.65
13 19 134.81
13 20 54.26
13 21 71.64
13 22 105.75
13 23 83.33
13 24 136.72
13 25 128.79
13 26 111.79
13 27 131.65
13 28 81.59
13 29 165.46
13 30 98.55
13 31 115.63
13 32 99.62
13 33 68.70
13 34 151.91
13 35 155.86
13 36 87.16
13 37 42.61
13 38 104.28
13 39 195.06
14 0 100.38
14 1 106.10
14 2 213.58
14 3 52.81
14 4 198.06
14 5 106.00
14 6 127.46
14 7 224.91
14 8 48.09
14 9 90.91
14 10 102.38
14 11 122.79
14 12 20.96
14 13 74.01
14 14 0.00
14 15 132.66
14 16 82.97
14 17 90.87
14 18 51.36
14 19 70.27
14 20 66.45
14 21 107.08
14 22 119.26
14 23 34.50
14 24 173.13
14 25 202.25
14 26 47.58
14 27 125.66
14 28 155.60
14 29 133.87
14 30 126.32
14 31 47.85
14 32 173.09
14 33 91.97
14 34 92.33
14 35 136.07
14 36 77.30
14 37 80.32
14 38 39.31
14 39 126.74
15 0 102.23
15 1 129.74
15 2 80.92
15 3 86.27
15 4 91.49
15 5 112.74
15 6 120.26
15 7 92.25
15 8 87.74
15 9 105.59
15 10 92.17
15 11 152.11
15 12 126.31
15 13 159.40
15 14 132.66
15 15 0.00
15 16 86.07
15 17 84.73
15 18 81.30
15 19 62.39
15 20 105.14
15 21 87.76
15 22 53.64
15 23 98.16
15 24 60.97
15 25 72.99
15 26 98.13
15 27 71.02
15 28 148.40
15 29 16.26
15 30 109.97
15 31 104.61
15 32 150.31
15 33 112.22
15 34 118.51
15 35 42.04
15 36 72.23
15 37 138.60
15 38 93.35
15 39 95.83
16 0 94.48
16 1 152.31
16 2 130.61
16 3 42.56
16 4 177.56
16 5 27.67
16 6 65.79
16 7 141.94
16 8 114.74
16 9 70.85
16 10 116.47
16 11 117.37
16 12 76.62
16 13 124.65
16 14 82.97
16 15 86.07
16 16 0.00
16 17 62.13
16 18 60.35
16 19 108.30
16 20 70.39
16 21 119.71
16 22 76.48
16 23 76.27
16 24 90.16
16 25 155.97
16 26 48.44
16 27 157.09
16 28 94.09
16 29 69.81
16 30 43.35
16 31 54.92
16 32 90.12
16 33 77.47
16 34 32.44
16 35 128.11
16 36 79.52
16 37 103.85
16 38 73.58
16 39 70.41
17 0 32.36
17 1 90.18
17 2 122.70
17 3 44.48
17 4 115.43
17 5 88.80
17 6 53.37
17 7 134.04
17 8 110.50
17 9 20.86
17 10 54.35
17 11 67.38
17 12 84.53
17 13 74.67
17 14 90.87
17 15 84.73
17 16 62.13
17 17 0.00
17 18 56.12
17 19 104.06
17 20 24.42
17 21 57.58
17 22 31.09
17 23 72.04
17 24 82.26
17 25 111.38
17 26 56.34
17 27 117.16
17 28 81.51
17 29 90.79
17 30 43.08
17 31 62.82
17 32 83.42
17 33 27.49
17 34 94.57
17 35 101.97
17 36 43.47
17 37 53.87
17 38 69.34
17 39 120.39
18 0 50.76
18 1 93.55
18 2 162.22
18 3 34.84
18 4 146.70
18 5 88.03
18 6 109.49
18 7 173.55
18 8 54.39
18 9 72.94
18 10 57.72
18 11 104.81
18 12 45.02
18 13 94.65
18 14 51.36
18 15 81.30
18 16 60.35
18 17 56.12
18 18 0.00
18 19 47.94
18 20 47.62
18 21 60.96
18 22 67.90
18 23 16.86
18 24 121.77
18 25 150.89
18 26 51.08
18 27 98.34
18 28 137.63
18 29 82.51
18 30 99.20
18 31 54.92
18 32 139.54
18 33 74.00
18 34 91.19
18 35 84.71
18 36 25.94
18 37 73.85
18 38 13.23
18 39 100.41
19 0 98.71
19 1 105.15
19 2 143.31
19 3 82.78
19 4 127.79
19 5 135.97
19 6 157.43
19 7 154.64
19 8 25.35
19 9 120.89
19 10 68.67
19 11 152.76
19 12 63.92
19 13 134.81
19 14 70.27
19 15 62.39
19 16 108.30
19 17 104.06
19 18 47.94
19 19 0.00
19 20 95.57
19 21 65.72
19 22 87.01
19 23 51.47
19 24 102.86
19 25 131.98
19 26 77.77
19 27 71.65
19 28 185.57
19 29 63.60
19 30 147.14
19 31 81.61
19 32 187.49
19 33 121.94
19 34 122.30
19 35 65.80
19 36 60.60
19 37 114.01
19 38 35.15
19 39 95.20
20 0 33.92
20 1 85.70
20 2 147.12
20 3 35.11
20 4 131.60
20 5 93.28
20 6 61.87
20 7 158.46
20 8 102.01
20 9 25.32
20 10 49.86
20 11 57.19
20 12 60.11
20 13 54.26
20 14 66.45
20 15 105.14
20 16 70.39
20 17 24.42
20 18 47.62
20 19 95.57
20 20 0.00
20 21 53.10
20 22 52.81
20 23 63.54
20 24 106.68
20 25 135.80
20 26 58.93
20 27 108.67
20 28 90.01
20 29 111.20
20 30 59.87
20 31 62.77
20 32 106.63
20 33 26.37
20 34 99.05
20 35 101.60
20 36 34.97
20 37 33.46
20 38 60.85
20 39 140.80
21 0 32.99
21 1 41.98
21 2 106.49
21 3 88.21
21 4 90.97
21 5 146.38
21 6 91.72
21 7 117.83
21 8 72.16
21 9 64.11
21 10 4.70
21 11 87.04
21 12 100.74
21 13 71.64
21 14 107.08
21 15 87.76
21 16 119.71
21 17 57.58
21 18 60.96
21 19 65.72
21 20 53.10
21 21 0.00
21 22 43.23
21 23 72.58
21 24 66.05
21 25 95.17
21 26 112.03
21 27 78.82
21 28 119.86
21 29 93.82
21 30 89.10
21 31 115.87
21 32 121.77
21 33 68.94
21 34 152.15
21 35 84.21
21 36 40.19
21 37 50.84
21 38 69.41
21 39 129.46
22 0 48.58
22 1 76.10
22 2 94.32
22 3 72.87
22 4 101.08
22 5 103.15
22 6 70.43
22 7 105.65
22 8 93.45
22 9 51.95
22 10 39.99
22 11 98.47
22 12 112.92
22 13 105.75
22 14 119.26
22 15 53.64
22 16 76.48
22 17 31.09
22 18 67.90
22 19 87.01
22 20 52.81
22 21 43.23
22 22 0.00
22 23 84.76
22 24 53.87
22 25 82.99
22 26 84.73
22 27 100.11
22 28 98.56
22 29 59.71
22 30 60.13
22 31 91.21
22 32 100.48
22 33 58.57
22 34 108.92
22 35 84.92
22 36 41.96
22 37 84.95
22 38 79.95
22 39 89.31
23 0 66.68
23 1 83.18
23 2 179.08
23 3 50.76
23 4 163.56
23 5 103.95
23 6 125.41
23 7 190.41
23 8 38.46
23 9 88.86
23 10 67.88
23 11 120.74
23 12 38.40
23 13 83.33
23 14 34.50
23 15 98.16
23 16 76.27
23 17 72.04
23 18 16.86
23 19 51.47
23 20 63.54
23 21 72.58
23 22 84.76
23 23 0.00
23 24 138.63
23 25 167.75
23 26 61.45
23 27 91.16
23 28 153.55
23 29 99.37
23 30 115.12
23 31 65.29
23 32 155.46
23 33 89.92
23 34 101.57
23 35 101.57
23 36 42.80
23 37 78.27
23 38 20.94
23 39 111.73
24 0 79.56
24 1 107.07
24 2 40.45
24 3 126.74
24 4 89.31
24 5 114.92
24 6 77.86
24 7 51.78
24 8 128.21
24 9 92.81
24 10 70.74
24 11 129.44
24 12 166.78
24 13 136.72
24 14 173.13
24 15 60.97
24 16 90.16
24 17 82.26
24 18 121.77
24 19 102.86
24 20 106.68
24 21 66.05
24 22 53.87
24 23 138.63
24 24 0.00
24 25 67.73
24 26 138.60
24 27 111.24
24 28 106.17
24 29 49.56
24 30 57.64
24 31 145.08
24 32 89.35
24 33 103.23
24 34 120.69
24 35 96.05
24 36 95.83
24 37 115.93
24 38 133.82
24 39 98.00
25 0 101.88
25 1 96.15
25 2 77.06
25 3 155.86
25 4 35.92
25 5 182.65
25 6 98.52
25 7 34.66
25 8 157.33
25 9 121.94
25 10 99.87
25 11 86.61
25 12 195.91
25 13 128.79
25 14 202.25
25 15 72.99
25 16 155.97
25 17 111.38
25 18 150.89
25 19 131.98
25 20 135.80
25 21 95.17
25 22 82.99
25 23 167.75
25 24 67.73
25 25 0.00
25 26 167.72
25 27 122.95
25 28 86.36
25 29 86.17
25 30 125.36
25 31 174.20
25 32 78.83
25 33 132.35
25 34 188.41
25 35 107.76
25 36 124.95
25 37 144.29
25 38 162.94
25 39 165.73
26 0 86.81
26 1 144.63
26 2 179.05
26 3 23.82
26 4 169.88
26 5 58.42
26 6 89.24
26 7 190.38
26 8 83.99
26 9 47.93
26 10 108.80
26 11 97.91
26 12 33.05
26 13 111.79
26 14 47.58
26 15 98.13
26 16 48.44
26 17 56.34
26 18 51.08
26 19 77.77
26 20 58.93
26 21 112.03
26 22 84.73
26 23 61.45
26 24 138.60
26 25 167.72
26 26 0.00
26 27 149.41
26 28 108.02
26 29 99.34
26 30 91.79
26 31 6.48
26 32 138.56
26 33 52.10
26 34 44.75
26 35 120.43
26 36 71.85
26 37 78.48
26 38 42.83
26 39 95.78
27 0 111.81
27 1 102.00
27 2 124.02
27 3 125.59
27 4 87.03
27 5 183.76
27 6 170.54
27 7 128.90
27 8 80.74
27 9 133.99
27 10 81.77
27 11 165.86
27 12 126.36
27 13 131.65
27 14 125.66
27 15 71.02
27 16 157.09
27 17 117.16
27 18 98.34
27 19 71.65
27 20 108.67
27 21 78.82
27 22 100.11
27 23 91.16
27 24 111.24
27 25 122.95
27 26 149.41
27 27 0.00
27 28 198.67
27 29 87.28
27 30 160.24
27 31 153.25
27 32 200.59
27 33 135.04
27 34 189.53
27 35 28.98
27 36 77.57
27 37 123.39
27 38 106.79
27 39 166.84
28 0 86.87
28 1 111.45
28 2 132.91
28 3 102.79
28 4 111.64
28 5 101.17
28 6 28.30
28 7 90.51
28 8 192.01
28 9 64.68
28 10 116.91
28 11 35.97
28 12 141.07
28 13 81.59
28 14 155.60
28 15 148.40
28 16 94.09
28 17 81.51
28 18 137.63
28 19 185.57
28 20 90.01
28 21 119.86
28 22 98.56
28 23 153.55
28 24 106.17
28 25 86.36
28 26 108.02
28 27 198.67
28 28 0.00
28 29 136.99
28 30 67.99
28 31 112.69
28 32 37.32
28 33 65.86
28 34 107.04
28 35 183.48
28 36 124.98
28 37 77.79
28 38 150.85
28 39 164.50
29 0 108.29
29 1 135.80
29 2 79.71
29 3 87.48
29 4 107.75
29 5 96.48
29 6 108.85
29 7 91.04
29 8 88.95
29 9 111.65
29 10 98.23
29 11 158.18
29 12 127.53
29 13 165.46
29 14 133.87
29 15 16.26
29 16 69.81
29 17 90.79
29 18 82.51
29 19 63.60
29 20 111.20
29 21 93.82
29 22 59.71
29 23 99.37
29 24 49.56
29 25 86.17
29 26 99.34
29 27 87.28
29 28 136.99
29 29 0.00
29 30 98.56
29 31 105.82
29 32 138.90
29 33 118.28
29 34 102.25
29 35 58.30
29 36 78.30
29 37 144.66
29 38 94.56
29 39 79.56
30 0 63.87
30 1 121.70
30 2 87.26
30 3 79.93
30 4 146.95
30 5 57.28
30 6 39.69
30 7 107.42
30 8 153.58
30 9 46.00
30 10 85.86
30 11 91.27
30 12 119.97
30 13 98.55
30 14 126.32
30 15 109.97
30 16 43.35
30 17 43.08
30 18 99.20
30 19 147.14
30 20 59.87
30 21 89.10
30 22 60.13
30 23 115.12
30 24 57.64
30 25 125.36
30 26 91.79
30 27 160.24
30 28 67.99
30 29 98.56
30 30 0.00
30 31 98.27
30 32 46.77
30 33 56.42
30 34 63.05
30 35 145.05
30 36 86.54
30 37 77.75
30 38 112.42
30 39 96.51
31 0 90.64
31 1 148.47
31 2 185.53
31 3 27.66
31 4 173.72
31 5 63.09
31 6 95.72
31 7 196.86
31 8 81.10
31 9 52.26
31 10 112.64
31 11 101.75
31 12 28.38
31 13 115.63
31 14 47.85
31 15 104.61
31 16 54.92
31 17 62.82
31 18 54.92
31 19 81.61
31 20 62.77
31 21 115.87
31 22 91.21
31 23 65.29
31 24 145.08
31 25 174.20
31 26 6.48
31 27 153.25
31 28 112.69
31 29 105.82
31 30 98.27
31 31 0.00
31 32 145.03
31 33 54.14
31 34 49.43
31 35 124.27
31 36 75.69
31 37 80.52
31 38 46.46
31 39 93.74
32 0 88.78
32 1 113.37
32 2 105.03
32 3 126.69
32 4 113.56
32 5 103.82
32 6 49.32
32 7 71.69
32 8 193.93
32 9 92.77
32 10 118.82
32 11 57.44
32 12 166.74
32 13 99.62
32 14 173.09
32 15 150.31
32 16 90.12
32 17 83.42
32 18 139.54
32 19 187.49
32 20 106.63
32 21 121.77
32 22 100.48
32 23 155.46
32 24 89.35
32 25 78.83
32 26 138.56
32 27 200.59
32 28 37.32
32 29 138.90
32 30 46.77
32 31 145.03
32 32 0.00
32 33 103.18
32 34 109.58
32 35 185.40
32 36 126.89
32 37 115.12
32 38 152.77
32 39 136.62
33 0 43.72
33 1 101.54
33 2 143.67
33 3 39.16
33 4 128.15
33 5 84.55
33 6 53.86
33 7 155.01
33 8 128.38
33 9 10.41
33 10 65.71
33 11 54.82
33 12 77.44
33 13 68.70
33 14 91.97
33 15 112.22
33 16 77.47
33 17 27.49
33 18 74.00
33 19 121.94
33 20 26.37
33 21 68.94
33 22 58.57
33 23 89.92
33 24 103.23
33 25 132.35
33 26 52.10
33 27 135.04
33 28 65.86
33 29 118.28
33 30 56.42
33 31 54.14
33 32 103.18
33 33 0.00
33 34 90.42
33 35 119.85
33 36 61.34
33 37 26.38
33 38 87.22
33 39 147.88
34 0 126.92
34 1 184.75
34 2 136.10
34 3 63.94
34 4 210.00
34 5 13.67
34 6 89.89
34 7 170.47
34 8 128.74
34 9 88.04
34 10 148.91
34 11 138.02
34 12 77.80
34 13 151.91
34 14 92.33
34 15 118.51
34 16 32.44
34 17 94.57
34 18 91.19
34 19 122.30
34 20 99.05
34 21 152.15
34 22 108.92
34 23 101.57
34 24 120.69
34 25 188.41
34 26 44.75
34 27 189.53
34 28 107.04
34 29 102.25
34 30 63.05
34 31 49.43
34 32 109.58
34 33 90.42
34 34 0.00
34 35 160.55
34 36 111.96
34 37 116.80
34 38 87.58
34 39 57.46
35 0 98.69
35 1 126.20
35 2 108.83
35 3 96.61
35 4 71.84
35 5 154.78
35 6 155.34
35 7 113.71
35 8 91.15
35 9 118.80
35 10 88.63
35 11 150.67
35 12 129.73
35 13 155.86
35 14 136.07
35 15 42.04
35 16 128.11
35 17 101.97
35 18 84.71
35 19 65.80
35 20 101.60
35 21 84.21
35 22 84.92
35 23 101.57
35 24 96.05
35 25 107.76
35 26 120.43
35 27 28.98
35 28 183.48
35 29 58.30
35 30 145.05
35 31 124.27
35 32 185.40
35 33 119.85
35 34 160.55
35 35 0.00
35 36 68.69
35 37 135.06
35 38 96.76
35 39 137.86
36 0 38.11
36 1 72.78
36 2 136.27
36 3 48.02
36 4 120.76
36 5 106.19
36 6 96.84
36 7 147.61
36 8 67.04
36 9 60.29
36 10 36.95
36 11 92.16
36 12 70.96
36 13 87.16
36 14 77.30
36 15 72.23
36 16 79.52
36 17 43.47
36 18 25.94
36 19 60.60
36 20 34.97
36 21 40.19
36 22 41.96
36 23 42.80
36 24 95.83
36 25 124.95
36 26 71.85
36 27 77.57
36 28 124.98
36 29 78.30
36 30 86.54
36 31 75.69
36 32 126.89
36 33 61.34
36 34 111.96
36 35 68.69
36 36 0.00
36 37 66.37
36 38 37.99
36 39 107.90
37 0 42.41
37 1 75.45
37 2 155.61
37 3 61.29
37 4 140.09
37 5 110.93
37 6 65.80
37 7 166.95
37 8 116.73
37 9 33.01
37 10 46.43
37 11 57.68
37 12 65.79
37 13 42.61
37 14 80.32
37 15 138.60
37 16 103.85
37 17 53.87
37 18 73.85
37 19 114.01
37 20 33.46
37 21 50.84
37 22 84.95
37 23 78.27
37 24 115.93
37 25 144.29
37 26 78.48
37 27 123.39
37 28 77.79
37 29 144.66
37 30 77.75
37 31 80.52
37 32 115.12
37 33 26.38
37 34 116.80
37 35 135.06
37 36 66.37
37 37 0.00
37 38 83.48
37 39 174.26
38 0 63.99
38 1 102.01
38 2 174.27
38 3 48.06
38 4 158.75
38 5 101.25
38 6 122.72
38 7 185.60
38 8 41.16
38 9 86.17
38 10 66.18
38 11 118.04
38 12 32.96
38 13 104.28
38 14 39.31
38 15 93.35
38 16 73.58
38 17 69.34
38 18 13.23
38 19 35.15
38 20 60.85
38 21 69.41
38 22 79.95
38 23 20.94
38 24 133.82
38 25 162.94
38 26 42.83
38 27 106.79
38 28 150.85
38 29 94.56
38 30 112.42
38 31 46.46
38 32 152.77
38 33 87.22
38 34 87.58
38 35 96.76
38 36 37.99
38 37 83.48
38 38 0.00
38 39 90.78
39 0 137.89
39 1 165.40
39 2 98.92
39 3 112.97
39 4 187.31
39 5 63.33
39 6 136.20
39 7 147.78
39 8 94.69
39 9 141.25
39 10 127.83
39 11 187.78
39 12 113.96
39 13 195.06
39 14 126.74
39 15 95.83
39 16 70.41
39 17 120.39
39 18 100.41
39 19 95.20
39 20 140.80
39 21 129.46
39 22 89.31
39 23 111.73
39 24 98.00
39 25 165.73
39 26 95.78
39 27 166.84
39 28 164.50
39 29 79.56
39 30 96.51
39 31 93.74
39 32 136.62
39 33 147.88
39 34 57.46
39 35 137.86
39 36 107.90
39 37 174.26
39 38 90.78
39 39 0.00
