20 2
0 0 0.00
0 1 59.24
0 2 9.22
0 3 52.73
0 4 47.35
0 5 32.85
0 6 54.81
0 7 34.23
0 8 82.34
0 9 102.35
0 10 21.72
0 11 72.59
0 12 50.76
0 13 41.44
0 14 23.12
0 15 10.54
0 16 51.97
0 17 46.64
0 18 43.98
0 19 31.57
1 0 59.24
1 1 0.00
1 2 50.02
1 3 95.83
1 4 71.33
1 5 75.96
1 6 5.71
1 7 68.68
1 8 125.44
1 9 67.04
1 10 37.52
1 11 115.69
1 12 93.87
1 13 63.34
1 14 82.36
1 15 48.70
1 16 95.07
1 17 89.74
1 18 87.08
1 19 90.81
2 0 9.22
2 1 50.02
2 2 0.00
2 3 47.35
2 4 38.14
2 5 27.48
2 6 54.18
2 7 39.60
2 8 76.96
2 9 93.13
2 10 25.33
2 11 67.22
2 12 45.39
2 13 32.22
2 14 32.34
2 15 2.27
2 16 46.59
2 17 41.26
2 18 38.61
2 19 40.79
3 0 52.73
3 1 95.83
3 2 47.35
3 3 0.00
3 4 49.70
3 5 19.87
3 6 101.54
3 7 86.96
3 8 60.72
3 9 104.70
3 10 72.69
3 11 27.51
3 12 31.47
3 13 43.79
3 14 61.66
3 15 49.63
3 16 9.08
3 17 21.58
3 18 35.07
3 19 29.22
4 0 47.35
4 1 71.33
4 2 38.14
4 3 49.70
4 4 0.00
4 5 47.29
4 6 77.04
4 7 62.45
4 8 54.11
4 9 55.00
4 10 48.18
4 11 44.36
4 12 81.17
4 13 7.99
4 14 70.48
4 15 36.82
4 16 58.78
4 17 71.29
4 18 15.76
4 19 78.93
5 0 32.85
5 1 75.96
5 2 27.48
5 3 19.87
5 4 47.29
5 5 0.00
5 6 81.67
5 7 67.08
5 8 58.30
5 9 102.28
5 10 52.81
5 11 39.73
5 12 33.89
5 13 41.37
5 14 41.79
5 15 29.76
5 16 19.11
5 17 24.00
5 18 32.65
5 19 31.64
6 0 54.81
6 1 5.71
6 2 54.18
6 3 101.54
6 4 77.04
6 5 81.67
6 6 0.00
6 7 64.26
6 8 131.15
6 9 72.75
6 10 33.09
6 11 121.40
6 12 99.58
6 13 69.05
6 14 77.94
6 15 51.91
6 16 100.78
6 17 95.45
6 18 92.79
6 19 86.38
7 0 34.23
7 1 68.68
7 2 39.60
7 3 86.96
7 4 62.45
7 5 67.08
7 6 64.26
7 7 0.00
7 8 116.56
7 9 111.79
7 10 31.16
7 11 106.82
7 12 84.99
7 13 54.47
7 14 25.30
7 15 37.33
7 16 86.20
7 17 80.86
7 18 78.21
7 19 64.94
8 0 82.34
8 1 125.44
8 2 76.96
8 3 60.72
8 4 54.11
8 5 58.30
8 6 131.15
8 7 116.56
8 8 0.00
8 9 58.40
8 10 102.29
8 11 33.21
8 12 92.19
8 13 62.10
8 14 91.27
8 15 79.24
8 16 69.80
8 17 82.30
8 18 38.35
8 19 89.94
9 0 102.35
9 1 67.04
9 2 93.13
9 3 104.70
9 4 55.00
9 5 102.28
9 6 72.75
9 7 111.79
9 8 58.40
9 9 0.00
9 10 80.63
9 11 77.19
9 12 136.17
9 13 60.91
9 14 125.47
9 15 91.81
9 16 113.78
9 17 126.28
9 18 69.63
9 19 133.92
10 0 21.72
10 1 37.52
10 2 25.33
10 3 72.69
10 4 48.18
10 5 52.81
10 6 33.09
10 7 31.16
10 8 102.29
10 9 80.63
10 10 0.00
10 11 92.55
10 12 70.72
10 13 40.20
10 14 44.84
10 15 23.06
10 16 71.93
10 17 66.59
10 18 63.94
10 19 53.29
11 0 72.59
11 1 115.69
11 2 67.22
11 3 27.51
11 4 44.36
11 5 39.73
11 6 121.40
11 7 106.82
11 8 33.21
11 9 77.19
11 10 92.55
11 11 0.00
11 12 58.98
11 13 52.35
11 14 81.52
11 15 69.49
11 16 36.59
11 17 49.09
11 18 28.61
11 19 56.73
12 0 50.76
12 1 93.87
12 2 45.39
12 3 31.47
12 4 81.17
12 5 33.89
12 6 99.58
12 7 84.99
12 8 92.19
12 9 136.17
12 10 70.72
12 11 58.98
12 12 0.00
12 13 75.26
12 14 59.70
12 15 47.66
12 16 22.39
12 17 9.89
12 18 66.54
12 19 20.05
13 0 41.44
13 1 63.34
13 2 32.22
13 3 43.79
13 4 7.99
13 5 41.37
13 6 69.05
13 7 54.47
13 8 62.10
13 9 60.91
13 10 40.20
13 11 52.35
13 12 75.26
13 13 0.00
13 14 64.57
13 15 30.90
13 16 52.87
13 17 65.37
13 18 23.74
13 19 73.01
14 0 23.12
14 1 82.36
14 2 32.34
14 3 61.66
14 4 70.48
14 5 41.79
14 6 77.94
14 7 25.30
14 8 91.27
14 9 125.47
14 10 44.84
14 11 81.52
14 12 59.70
14 13 64.57
14 14 0.00
14 15 33.66
14 16 60.90
14 17 55.57
14 18 55.84
14 19 39.64
15 0 10.54
15 1 48.70
15 2 2.27
15 3 49.63
15 4 36.82
15 5 29.76
15 6 51.91
15 7 37.33
15 8 79.24
15 9 91.81
15 10 23.06
15 11 69.49
15 12 47.66
15 13 30.90
15 14 33.66
15 15 0.00
15 16 48.87
15 17 43.54
15 18 40.88
15 19 42.11
16 0 51.97
16 1 95.07
16 2 46.59
16 3 9.08
16 4 58.78
16 5 19.11
16 6 100.78
16 7 86.20
16 8 69.80
16 9 113.78
16 10 71.93
16 11 36.59
16 12 22.39
16 13 52.87
16 14 60.90
16 15 48.87
16 16 0.00
16 17 12.50
16 18 44.15
16 19 21.26
17 0 46.64
17 1 89.74
17 2 41.26
17 3 21.58
17 4 71.29
17 5 24.00
17 6 95.45
17 7 80.86
17 8 82.30
17 9 126.28
17 10 66.59
17 11 49.09
17 12 9.89
17 13 65.37
17 14 55.57
17 15 43.54
17 16 12.50
17 17 0.00
17 18 56.65
17 19 15.93
18 0 43.98
18 1 87.08
18 2 38.61
18 3 35.07
18 4 15.76
18 5 32.65
18 6 92.79
18 7 78.21
18 8 38.35
18 9 69.63
18 10 63.94
18 11 28.61
18 12 66.54
18 13 23.74
18 14 55.84
18 15 40.88
18 16 44.15
18 17 56.65
18 18 0.00
18 19 64.29
19 0 31.57
19 1 90.81
19 2 40.79
19 3 29.22
19 4 78.93
19 5 31.64
19 6 86.38
19 7 64.94
19 8 89.94
19 9 133.92
19 10 53.29
19 11 56.73
19 12 20.05
19 13 73.01
19 14 39.64
19 15 42.11
19 16 21.26
19 17 15.93
19 18 64.29
19 19 0.00
