50 3
0 0 0.00
0 1 99.79
0 2 88.35
0 3 64.11
0 4 99.91
0 5 91.15
0 6 83.73
0 7 51.61
0 8 128.07
0 9 79.33
0 10 86.78
0 11 92.68
0 12 104.87
0 13 59.31
0 14 52.34
0 15 82.83
0 16 106.38
0 17 53.02
0 18 46.05
0 19 48.31
0 20 47.10
0 21 55.73
0 22 36.72
0 23 110.53
0 24 157.59
0 25 67.09
0 26 128.03
0 27 97.30
0 28 125.94
0 29 120.24
0 30 107.89
0 31 36.35
0 32 56.99
0 33 112.38
0 34 56.94
0 35 81.30
0 36 92.28
0 37 93.33
0 38 33.15
0 39 59.13
0 40 82.06
0 41 80.37
0 42 145.17
0 43 105.53
0 44 123.17
0 45 42.55
0 46 92.92
0 47 63.93
0 48 116.95
0 49 95.04
1 0 99.79
1 1 0.00
1 2 89.37
1 3 142.79
1 4 92.79
1 5 159.29
1 6 87.02
1 7 108.77
1 8 129.09
1 9 40.66
1 10 108.92
1 11 93.70
1 12 91.12
1 13 146.51
1 14 70.58
1 15 152.80
1 16 22.59
1 17 58.06
1 18 124.72
1 19 126.98
1 20 125.41
1 21 155.52
1 22 63.07
1 23 61.32
1 24 57.80
1 25 72.93
1 26 69.96
1 27 53.28
1 28 92.72
1 29 112.06
1 30 85.75
1 31 104.63
1 32 127.95
1 33 166.69
1 34 93.24
1 35 159.97
1 36 170.95
1 37 172.00
1 38 91.39
1 39 158.92
1 40 85.10
1 41 74.97
1 42 66.68
1 43 105.37
1 44 124.19
1 45 79.27
1 46 97.27
1 47 78.86
1 48 100.43
1 49 173.71
2 0 88.35
2 1 89.37
2 2 0.00
2 3 94.22
2 4 134.69
2 5 75.64
2 6 52.86
2 7 53.27
2 8 47.61
2 9 98.69
2 10 86.72
2 11 39.81
2 12 128.63
2 13 95.30
2 14 36.01
2 15 117.62
2 16 105.28
2 17 110.63
2 18 67.06
2 19 44.25
2 20 69.56
2 21 104.31
2 22 105.02
2 23 61.94
2 24 109.00
2 25 72.07
2 26 79.45
2 27 91.53
2 28 149.64
2 29 155.03
2 30 142.68
2 31 75.43
2 32 91.78
2 33 147.16
2 34 72.80
2 35 103.26
2 36 87.30
2 37 88.35
2 38 72.64
2 39 107.71
2 40 42.36
2 41 70.06
2 42 101.26
2 43 140.32
2 44 66.10
2 45 45.80
2 46 181.27
2 47 27.07
2 48 151.74
2 49 94.03
3 0 64.11
3 1 142.79
3 2 94.22
3 3 0.00
3 4 50.00
3 5 42.56
3 6 124.32
3 7 85.62
3 8 69.50
3 9 143.45
3 10 146.22
3 11 85.30
3 12 51.67
3 13 118.74
3 14 103.59
3 15 46.55
3 16 164.42
3 17 84.73
3 18 27.16
3 19 50.30
3 20 80.77
3 21 109.62
3 22 88.75
3 23 103.30
3 24 128.88
3 25 131.20
3 26 110.38
3 27 89.51
3 28 72.05
3 29 60.81
3 30 84.62
3 31 45.66
3 32 26.28
3 33 52.94
3 34 116.37
3 35 32.64
3 36 80.18
3 37 68.92
3 38 51.39
3 39 113.02
3 40 122.39
3 41 129.19
3 42 91.28
3 43 46.10
3 44 64.60
3 45 88.74
3 46 151.49
3 47 116.16
3 48 84.31
3 49 44.31
4 0 99.91
4 1 92.79
4 2 134.69
4 3 50.00
4 4 0.00
4 5 83.03
4 6 164.79
4 7 126.09
4 8 114.08
4 9 109.77
4 10 186.69
4 11 125.37
4 12 9.48
4 13 159.22
4 14 144.07
4 15 79.06
4 16 114.42
4 17 48.44
4 18 70.12
4 19 94.87
4 20 121.25
4 21 155.52
4 22 71.15
4 23 88.87
4 24 78.88
4 25 150.70
4 26 87.08
4 27 43.16
4 28 26.15
4 29 20.33
4 30 40.05
4 31 76.48
4 32 59.80
4 33 73.90
4 34 156.85
4 35 78.54
4 36 126.08
4 37 114.82
4 38 69.75
4 39 158.92
4 40 162.87
4 41 152.74
4 42 51.66
4 43 12.58
4 44 109.17
4 45 129.21
4 46 106.92
4 47 156.63
4 48 39.74
4 49 90.21
5 0 91.15
5 1 159.29
5 2 75.64
5 3 42.56
5 4 83.03
5 5 0.00
5 6 128.50
5 7 50.51
5 8 63.95
5 9 159.95
5 10 162.35
5 11 101.80
5 12 77.46
5 13 76.19
5 14 101.65
5 15 79.13
5 16 180.92
5 17 113.43
5 18 47.70
5 19 47.05
5 20 48.38
5 21 83.13
5 22 107.82
5 23 119.80
5 24 145.38
5 25 147.71
5 26 126.88
5 27 106.01
5 28 98.53
5 29 103.37
5 30 117.20
5 31 78.23
5 32 58.86
5 33 95.50
5 34 128.56
5 35 57.08
5 36 53.69
5 37 54.46
5 38 75.44
5 39 92.08
5 40 118.00
5 41 145.70
5 42 117.76
5 43 88.66
5 44 87.28
5 45 87.89
5 46 184.07
5 47 94.92
5 48 116.89
5 49 45.77
6 0 83.73
6 1 87.02
6 2 52.86
6 3 124.32
6 4 164.79
6 5 128.50
6 6 0.00
6 7 77.98
6 8 97.42
6 9 94.08
6 10 36.85
6 11 39.42
6 12 158.72
6 13 113.45
6 14 37.52
6 15 147.71
6 16 77.21
6 17 117.90
6 18 97.16
6 19 96.19
6 20 94.62
6 21 122.46
6 22 100.40
6 23 75.92
6 24 102.30
6 25 59.13
6 26 77.71
6 27 121.63
6 28 179.74
6 29 185.13
6 30 172.78
6 31 101.23
6 32 121.87
6 33 177.26
6 34 68.19
6 35 133.36
6 36 140.16
6 37 141.21
6 38 95.04
6 39 125.86
6 40 10.49
6 41 17.20
6 42 131.35
6 43 170.42
6 44 66.79
6 45 46.21
6 46 176.65
6 47 45.22
6 48 181.84
6 49 142.92
7 0 51.61
7 1 108.77
7 2 53.27
7 3 85.62
7 4 126.09
7 5 50.51
7 6 77.98
7 7 0.00
7 8 96.04
7 9 109.44
7 10 111.84
7 11 93.08
7 12 120.03
7 13 42.03
7 14 51.13
7 15 109.02
7 16 130.41
7 17 79.20
7 18 58.46
7 19 35.32
7 20 16.64
7 21 51.05
7 22 68.28
7 23 115.21
7 24 162.27
7 25 97.19
7 26 132.71
7 27 101.98
7 28 141.04
7 29 146.43
7 30 134.08
7 31 62.54
7 32 83.18
7 33 138.56
7 34 78.04
7 35 94.66
7 36 62.17
7 37 67.80
7 38 56.34
7 39 54.44
7 40 67.49
7 41 95.18
7 42 149.85
7 43 131.72
7 44 119.37
7 45 37.38
7 46 144.53
7 47 44.41
7 48 143.14
7 49 85.43
8 0 128.07
8 1 129.09
8 2 47.61
8 3 69.50
8 4 114.08
8 5 63.95
8 6 97.42
8 7 96.04
8 8 0.00
8 9 138.42
8 10 131.28
8 11 70.72
8 12 104.60
8 13 138.07
8 14 75.74
8 15 116.05
8 16 149.85
8 17 150.36
8 18 84.63
8 19 86.43
8 20 112.33
8 21 147.08
8 22 144.74
8 23 88.73
8 24 114.31
8 25 116.63
8 26 95.81
8 27 112.92
8 28 107.02
8 29 108.30
8 30 154.12
8 31 115.16
8 32 95.79
8 33 99.56
8 34 112.53
8 35 94.00
8 36 117.64
8 37 106.39
8 38 112.37
8 39 150.48
8 40 86.93
8 41 114.62
8 42 62.58
8 43 110.08
8 44 39.15
8 45 85.52
8 46 220.99
8 47 69.84
8 48 153.81
8 49 82.70
9 0 79.33
9 1 40.66
9 2 98.69
9 3 143.45
9 4 109.77
9 5 159.95
9 6 94.08
9 7 109.44
9 8 138.42
9 9 0.00
9 10 76.92
9 11 103.02
9 12 103.70
9 13 108.37
9 14 62.68
9 15 153.46
9 16 47.25
9 17 62.88
9 18 125.39
9 19 127.65
9 20 126.08
9 21 114.86
9 22 54.70
9 23 70.64
9 24 98.46
9 25 40.93
9 26 79.29
9 27 66.61
9 28 124.72
9 29 130.10
9 30 117.75
9 31 105.29
9 32 128.62
9 33 167.35
9 34 52.58
9 35 160.63
9 36 171.61
9 37 172.66
9 38 92.06
9 39 118.26
9 40 92.40
9 41 78.46
9 42 86.04
9 43 115.39
9 44 133.51
9 45 72.06
9 46 82.58
9 47 74.27
9 48 126.81
9 49 174.37
10 0 86.78
10 1 108.92
10 2 86.72
10 3 146.22
10 4 186.69
10 5 162.35
10 6 36.85
10 7 111.84
10 8 131.28
10 9 76.92
10 10 0.00
10 11 61.33
10 12 180.63
10 13 110.77
10 14 60.71
10 15 169.62
10 16 86.34
10 17 139.80
10 18 127.79
10 19 130.05
10 20 128.48
10 21 116.26
10 22 115.54
10 23 97.83
10 24 124.20
10 25 36.00
10 26 99.61
10 27 143.53
10 28 201.64
10 29 207.03
10 30 194.68
10 31 123.14
10 32 143.78
10 33 199.16
10 34 35.29
10 35 163.03
10 36 174.02
10 37 175.07
10 38 116.94
10 39 116.32
10 40 44.35
10 41 38.53
10 42 153.26
10 43 192.32
10 44 92.13
10 45 74.46
10 46 154.85
10 47 67.43
10 48 203.74
10 49 176.78
11 0 92.68
11 1 93.70
11 2 39.81
11 3 85.30
11 4 125.37
11 5 101.80
11 6 39.42
11 7 93.08
11 8 70.72
11 9 103.02
11 10 61.33
11 11 0.00
11 12 119.30
11 13 135.12
11 14 59.19
11 15 108.29
11 16 86.16
11 17 114.96
11 18 67.23
11 19 83.48
11 20 109.38
11 21 144.13
11 22 109.35
11 23 36.50
11 24 69.19
11 25 68.08
11 26 39.63
11 27 82.20
11 28 140.32
11 29 145.70
11 30 133.35
11 31 79.76
11 32 82.45
11 33 137.84
11 34 81.85
11 35 102.48
11 36 114.68
11 37 114.51
11 38 76.97
11 39 147.53
11 40 37.50
11 41 43.90
11 42 91.93
11 43 130.99
11 44 31.57
11 45 67.88
11 46 185.60
11 47 66.88
11 48 142.41
11 49 116.22
12 0 104.87
12 1 91.12
12 2 128.63
12 3 51.67
12 4 9.48
12 5 77.46
12 6 158.72
12 7 120.03
12 8 104.60
12 9 103.70
12 10 180.63
12 11 119.30
12 12 0.00
12 13 153.15
12 14 138.00
12 15 84.14
12 16 112.75
12 17 53.52
12 18 75.20
12 19 99.95
12 20 125.85
12 21 160.60
12 22 68.15
12 23 82.80
12 24 77.22
12 25 144.63
12 26 81.02
12 27 37.84
12 28 21.07
12 29 26.40
12 30 49.53
12 31 81.56
12 32 64.88
12 33 75.57
12 34 150.78
12 35 83.62
12 36 131.16
12 37 119.90
12 38 71.72
12 39 164.00
12 40 156.80
12 41 146.67
12 42 42.18
12 43 14.25
12 44 99.69
12 45 123.15
12 46 116.40
12 47 150.56
12 48 49.22
12 49 95.29
13 0 59.31
13 1 146.51
13 2 95.30
13 3 118.74
13 4 159.22
13 5 76.19
13 6 113.45
13 7 42.03
13 8 138.07
13 9 108.37
13 10 110.77
13 11 135.12
13 12 153.15
13 13 0.00
13 14 75.93
13 15 142.14
13 16 153.10
13 17 112.33
13 18 91.59
13 19 68.45
13 20 37.97
13 21 17.96
13 22 88.07
13 23 157.24
13 24 204.31
13 25 96.13
13 26 174.75
13 27 144.01
13 28 174.17
13 29 179.55
13 30 167.20
13 31 95.66
13 32 116.30
13 33 171.69
13 34 76.98
13 35 127.79
13 36 63.24
13 37 100.92
13 38 89.47
13 39 42.56
13 40 103.20
13 41 127.08
13 42 191.89
13 43 164.84
13 44 161.40
13 45 67.24
13 46 134.55
13 47 68.23
13 48 176.26
13 49 118.55
14 0 52.34
14 1 70.58
14 2 36.01
14 3 103.59
14 4 144.07
14 5 101.65
14 6 37.52
14 7 51.13
14 8 75.74
14 9 62.68
14 10 60.71
14 11 59.19
14 12 138.00
14 13 75.93
14 14 0.00
14 15 126.99
14 16 79.28
14 17 97.18
14 18 76.43
14 19 69.34
14 20 67.77
14 21 84.94
14 22 72.92
14 23 81.32
14 24 128.38
14 25 46.06
14 26 98.82
14 27 100.90
14 28 159.02
14 29 164.40
14 30 152.05
14 31 80.51
14 32 101.15
14 33 156.54
14 34 36.79
14 35 112.63
14 36 113.31
14 37 114.36
14 38 74.32
14 39 88.34
14 40 29.72
14 41 51.16
14 42 115.96
14 43 149.69
14 44 85.48
14 45 14.85
14 46 145.26
14 47 12.56
14 48 161.11
14 49 116.07
15 0 82.83
15 1 152.80
15 2 117.62
15 3 46.55
15 4 79.06
15 5 79.13
15 6 147.71
15 7 109.02
15 8 116.05
15 9 153.46
15 10 169.62
15 11 108.29
15 12 84.14
15 13 142.14
15 14 126.99
15 15 0.00
15 16 174.43
15 17 94.74
15 18 50.56
15 19 73.69
15 20 104.17
15 21 127.70
15 22 98.76
15 23 113.31
15 24 138.89
15 25 141.22
15 26 120.39
15 27 99.52
15 28 105.21
15 29 85.89
15 30 68.26
15 31 48.17
15 32 25.84
15 33 39.88
15 34 139.77
15 35 22.05
15 36 84.41
15 37 41.22
15 38 61.41
15 39 106.44
15 40 145.79
15 41 139.21
15 42 124.44
15 43 76.11
15 44 111.15
15 45 112.14
15 46 104.94
15 47 139.55
15 48 52.37
15 49 33.35
16 0 106.38
16 1 22.59
16 2 105.28
16 3 164.42
16 4 114.42
16 5 180.92
16 6 77.21
16 7 130.41
16 8 149.85
16 9 47.25
16 10 86.34
16 11 86.16
16 12 112.75
16 13 153.10
16 14 79.28
16 15 174.43
16 16 0.00
16 17 79.69
16 18 146.36
16 19 148.62
16 20 147.05
16 21 162.11
16 22 75.67
16 23 61.12
16 24 51.21
16 25 65.48
16 26 62.42
16 27 74.91
16 28 115.30
16 29 133.70
16 30 108.34
16 31 126.26
16 32 149.59
16 33 188.32
16 34 99.83
16 35 181.60
16 36 192.58
16 37 193.63
16 38 113.03
16 39 165.51
16 40 75.54
16 41 61.60
16 42 87.26
16 43 127.00
16 44 116.65
16 45 93.03
16 46 103.86
16 47 86.00
16 48 122.06
16 49 195.34
17 0 53.02
17 1 58.06
17 2 110.63
17 3 84.73
17 4 48.44
17 5 113.43
17 6 117.90
17 7 79.20
17 8 150.36
17 9 62.88
17 10 139.80
17 11 114.96
17 12 53.52
17 13 112.33
17 14 97.18
17 15 94.74
17 16 79.69
17 17 0.00
17 18 66.66
17 19 68.93
17 20 74.36
17 21 107.07
17 22 24.26
17 23 82.58
17 24 106.24
17 25 103.81
17 26 91.23
17 27 45.95
17 28 74.59
17 29 67.23
17 30 54.88
17 31 46.57
17 32 69.90
17 33 108.63
17 34 109.96
17 35 101.91
17 36 112.89
17 37 113.94
17 38 37.99
17 39 110.47
17 40 115.97
17 41 105.85
17 42 93.82
17 43 52.52
17 44 145.45
17 45 82.32
17 46 70.64
17 47 109.74
17 48 63.94
17 49 115.65
18 0 46.05
18 1 124.72
18 2 67.06
18 3 27.16
18 4 70.12
18 5 47.70
18 6 97.16
18 7 58.46
18 8 84.63
18 9 125.39
18 10 127.79
18 11 67.23
18 12 75.20
18 13 91.59
18 14 76.43
18 15 50.56
18 16 146.36
18 17 66.66
18 18 0.00
18 19 24.74
18 20 53.62
18 21 85.40
18 22 70.68
18 23 85.24
18 24 127.92
18 25 113.14
18 26 98.36
18 27 71.45
18 28 96.27
18 29 87.97
18 30 75.62
18 31 30.53
18 32 24.71
18 33 80.10
18 34 93.99
18 35 36.20
18 36 55.95
18 37 47.28
18 38 33.33
18 39 88.79
18 40 95.23
18 41 111.13
18 42 115.50
18 43 73.26
18 44 85.02
18 45 61.58
18 46 136.36
18 47 89.00
18 48 84.68
18 49 48.99
19 0 48.31
19 1 126.98
19 2 44.25
19 3 50.30
19 4 94.87
19 5 47.05
19 6 96.19
19 7 35.32
19 8 86.43
19 9 127.65
19 10 130.05
19 11 83.48
19 12 99.95
19 13 68.45
19 14 69.34
19 15 73.69
19 16 148.62
19 17 68.93
19 18 24.74
19 19 0.00
19 20 30.48
19 21 60.65
19 22 72.95
19 23 105.60
19 24 152.67
19 25 115.40
19 26 123.11
19 27 92.37
19 28 121.02
19 29 111.10
19 30 98.75
19 31 31.18
19 32 47.85
19 33 103.24
19 34 96.25
19 35 59.34
19 36 43.96
19 37 45.02
19 38 35.59
19 39 64.05
19 40 85.70
19 41 113.39
19 42 140.25
19 43 96.39
19 44 109.76
19 45 55.59
19 46 137.02
19 47 65.86
19 48 107.81
19 49 50.10
20 0 47.10
20 1 125.41
20 2 69.56
20 3 80.77
20 4 121.25
20 5 48.38
20 6 94.62
20 7 16.64
20 8 112.33
20 9 126.08
20 10 128.48
20 11 109.38
20 12 125.85
20 13 37.97
20 14 67.77
20 15 104.17
20 16 147.05
20 17 74.36
20 18 53.62
20 19 30.48
20 20 0.00
20 21 34.75
20 22 71.37
20 23 131.50
20 24 178.57
20 25 113.83
20 26 149.01
20 27 118.27
20 28 146.92
20 29 141.58
20 30 129.23
20 31 57.69
20 32 78.33
20 33 133.72
20 34 94.68
20 35 89.82
20 36 45.54
20 37 62.95
20 38 54.12
20 39 48.04
20 40 84.13
20 41 111.82
20 42 166.15
20 43 126.87
20 44 135.66
20 45 54.01
20 46 140.02
20 47 61.05
20 48 138.29
20 49 80.58
21 0 55.73
21 1 155.52
21 2 104.31
21 3 109.62
21 4 155.52
21 5 83.13
21 6 122.46
21 7 51.05
21 8 147.08
21 9 114.86
21 10 116.26
21 11 144.13
21 12 160.60
21 13 17.96
21 14 84.94
21 15 127.70
21 16 162.11
21 17 107.07
21 18 85.40
21 19 60.65
21 20 34.75
21 21 0.00
21 22 92.45
21 23 166.25
21 24 213.32
21 25 101.61
21 26 183.76
21 27 153.03
21 28 181.67
21 29 165.11
21 30 152.76
21 31 81.22
21 32 101.86
21 33 157.25
21 34 82.46
21 35 113.35
21 36 57.75
21 37 86.48
21 38 88.87
21 39 24.60
21 40 112.21
21 41 136.09
21 42 200.90
21 43 152.56
21 44 170.42
21 45 76.25
21 46 116.59
21 47 77.24
21 48 161.82
21 49 104.11
22 0 36.72
22 1 63.07
22 2 105.02
22 3 88.75
22 4 71.15
22 5 107.82
22 6 100.40
22 7 68.28
22 8 144.74
22 9 54.70
22 10 115.54
22 11 109.35
22 12 68.15
22 13 88.07
22 14 72.92
22 15 98.76
22 16 75.67
22 17 24.26
22 18 70.68
22 19 72.95
22 20 71.37
22 21 92.45
22 22 0.00
22 23 76.97
22 24 120.87
22 25 79.55
22 26 91.31
22 27 60.58
22 28 89.22
22 29 91.48
22 30 79.13
22 31 50.59
22 32 73.92
22 33 112.65
22 34 85.70
22 35 105.93
22 36 116.91
22 37 117.96
22 38 37.35
22 39 95.85
22 40 98.73
22 41 84.79
22 42 108.45
22 43 76.77
22 44 139.84
22 45 59.22
22 46 76.25
22 47 85.48
22 48 88.19
22 49 119.67
23 0 110.53
23 1 61.32
23 2 61.94
23 3 103.30
23 4 88.87
23 5 119.80
23 6 75.92
23 7 115.21
23 8 88.73
23 9 70.64
23 10 97.83
23 11 36.50
23 12 82.80
23 13 157.24
23 14 81.32
23 15 113.31
23 16 61.12
23 17 82.58
23 18 85.24
23 19 105.60
23 20 131.50
23 21 166.25
23 22 76.97
23 23 0.00
23 24 47.06
23 25 69.63
23 26 17.50
23 27 45.70
23 28 103.82
23 29 109.20
23 30 96.85
23 31 87.22
23 32 88.47
23 33 127.20
23 34 103.98
23 35 120.48
23 36 136.81
23 37 132.52
23 38 77.38
23 39 169.65
23 40 74.00
23 41 63.87
23 42 55.43
23 43 94.49
23 44 62.87
23 45 90.01
23 46 153.22
23 47 89.01
23 48 105.91
23 49 134.23
24 0 157.59
24 1 57.80
24 2 109.00
24 3 128.88
24 4 78.88
24 5 145.38
24 6 102.30
24 7 162.27
24 8 114.31
24 9 98.46
24 10 124.20
24 11 69.19
24 12 77.22
24 13 204.31
24 14 128.38
24 15 138.89
24 16 51.21
24 17 106.24
24 18 127.92
24 19 152.67
24 20 178.57
24 21 213.32
24 22 120.87
24 23 47.06
24 24 0.00
24 25 116.69
24 26 29.56
24 27 60.29
24 28 77.44
24 29 98.16
24 30 81.61
24 31 134.28
24 32 117.59
24 33 152.78
24 34 151.04
24 35 146.06
24 36 183.87
24 37 172.62
24 38 124.44
24 39 216.72
24 40 101.10
24 41 90.25
24 42 51.73
24 43 91.46
24 44 75.16
24 45 137.07
24 46 155.07
24 47 136.07
24 48 88.14
24 49 159.80
25 0 67.09
25 1 72.93
25 2 72.07
25 3 131.20
25 4 150.70
25 5 147.71
25 6 59.13
25 7 97.19
25 8 116.63
25 9 40.93
25 10 36.00
25 11 68.08
25 12 144.63
25 13 96.13
25 14 46.06
25 15 141.22
25 16 65.48
25 17 103.81
25 18 113.14
25 19 115.40
25 20 113.83
25 21 101.61
25 22 79.55
25 23 69.63
25 24 116.69
25 25 0.00
25 26 87.13
25 27 107.54
25 28 165.65
25 29 171.03
25 30 158.68
25 31 93.05
25 32 116.37
25 33 163.17
25 34 34.35
25 35 148.39
25 36 159.37
25 37 160.42
25 38 80.95
25 39 101.67
25 40 57.46
25 41 43.52
25 42 117.26
25 43 156.32
25 44 98.57
25 45 59.82
25 46 118.85
25 47 52.78
25 48 167.74
25 49 162.13
26 0 128.03
26 1 69.96
26 2 79.45
26 3 110.38
26 4 87.08
26 5 126.88
26 6 77.71
26 7 132.71
26 8 95.81
26 9 79.29
26 10 99.61
26 11 39.63
26 12 81.02
26 13 174.75
26 14 98.82
26 15 120.39
26 16 62.42
26 17 91.23
26 18 98.36
26 19 123.11
26 20 149.01
26 21 183.76
26 22 91.31
26 23 17.50
26 24 29.56
26 25 87.13
26 26 0.00
26 27 53.78
26 28 102.03
26 29 107.42
26 30 95.07
26 31 104.72
26 32 95.55
26 33 134.28
26 34 121.48
26 35 127.56
26 36 154.32
26 37 143.06
26 38 94.88
26 39 187.16
26 40 75.78
26 41 65.65
26 42 53.65
26 43 92.71
26 44 56.66
26 45 107.51
26 46 161.86
26 47 106.52
26 48 104.13
26 49 141.30
27 0 97.30
27 1 53.28
27 2 91.53
27 3 89.51
27 4 43.16
27 5 106.01
27 6 121.63
27 7 101.98
27 8 112.92
27 9 66.61
27 10 143.53
27 11 82.20
27 12 37.84
27 13 144.01
27 14 100.90
27 15 99.52
27 16 74.91
27 17 45.95
27 18 71.45
27 19 92.37
27 20 118.27
27 21 153.03
27 22 60.58
27 23 45.70
27 24 60.29
27 25 107.54
27 26 53.78
27 27 0.00
27 28 58.11
27 29 63.50
27 30 51.15
27 31 73.99
27 32 74.68
27 33 113.41
27 34 113.68
27 35 106.69
27 36 123.58
27 37 118.72
27 38 64.15
27 39 156.42
27 40 119.70
27 41 109.57
27 42 50.50
27 43 52.09
27 44 108.01
27 45 86.05
27 46 108.08
27 47 113.47
27 48 60.21
27 49 120.43
28 0 125.94
28 1 92.72
28 2 149.64
28 3 72.05
28 4 26.15
28 5 98.53
28 6 179.74
28 7 141.04
28 8 107.02
28 9 124.72
28 10 201.64
28 11 140.32
28 12 21.07
28 13 174.17
28 14 159.02
28 15 105.21
28 16 115.30
28 17 74.59
28 18 96.27
28 19 121.02
28 20 146.92
28 21 181.67
28 22 89.22
28 23 103.82
28 24 77.44
28 25 165.65
28 26 102.03
28 27 58.11
28 28 0.00
28 29 23.43
28 30 49.96
28 31 102.63
28 32 85.95
28 33 78.05
28 34 171.80
28 35 104.69
28 36 152.23
28 37 140.97
28 38 92.79
28 39 185.07
28 40 177.82
28 41 167.69
28 42 48.39
28 43 29.11
28 44 112.95
28 45 144.16
28 46 123.42
28 47 171.58
28 48 56.49
28 49 116.36
29 0 120.24
29 1 112.06
29 2 155.03
29 3 60.81
29 4 20.33
29 5 103.37
29 6 185.13
29 7 146.43
29 8 108.30
29 9 130.10
29 10 207.03
29 11 145.70
29 12 26.40
29 13 179.55
29 14 164.40
29 15 85.89
29 16 133.70
29 17 67.23
29 18 87.97
29 19 111.10
29 20 141.58
29 21 165.11
29 22 91.48
29 23 109.20
29 24 98.16
29 25 171.03
29 26 107.42
29 27 63.50
29 28 23.43
29 29 0.00
29 30 45.82
29 31 83.89
29 32 66.63
29 33 54.62
29 34 177.18
29 35 85.37
29 36 132.91
29 37 121.65
29 38 90.08
29 39 165.75
29 40 183.20
29 41 173.07
29 42 53.77
29 43 14.71
29 44 118.33
29 45 149.55
29 46 112.69
29 47 176.96
29 48 45.51
29 49 97.04
30 0 107.89
30 1 85.75
30 2 142.68
30 3 84.62
30 4 40.05
30 5 117.20
30 6 172.78
30 7 134.08
30 8 154.12
30 9 117.75
30 10 194.68
30 11 133.35
30 12 49.53
30 13 167.20
30 14 152.05
30 15 68.26
30 16 108.34
30 17 54.88
30 18 75.62
30 19 98.75
30 20 129.23
30 21 152.76
30 22 79.13
30 23 96.85
30 24 81.61
30 25 158.68
30 26 95.07
30 27 51.15
30 28 49.96
30 29 45.82
30 30 0.00
30 31 71.54
30 32 58.34
30 33 82.15
30 34 164.83
30 35 75.43
30 36 109.47
30 37 91.01
30 38 77.73
30 39 135.10
30 40 170.85
30 41 160.72
30 42 91.71
30 43 44.05
30 44 149.22
30 45 137.20
30 46 73.45
30 47 164.62
30 48 15.89
30 49 89.17
31 0 36.35
31 1 104.63
31 2 75.43
31 3 45.66
31 4 76.48
31 5 78.23
31 6 101.23
31 7 62.54
31 8 115.16
31 9 105.29
31 10 123.14
31 11 79.76
31 12 81.56
31 13 95.66
31 14 80.51
31 15 48.17
31 16 126.26
31 17 46.57
31 18 30.53
31 19 31.18
31 20 57.69
31 21 81.22
31 22 50.59
31 23 87.22
31 24 134.28
31 25 93.05
31 26 104.72
31 27 73.99
31 28 102.63
31 29 83.89
31 30 71.54
31 31 0.00
31 32 23.33
31 33 76.02
31 34 93.29
31 35 55.34
31 36 66.32
31 37 67.37
31 38 13.24
31 39 82.44
31 40 99.31
31 41 91.04
31 42 121.86
31 43 73.52
31 44 110.25
31 45 65.66
31 46 105.83
31 47 93.07
31 48 80.60
31 49 69.08
32 0 56.99
32 1 127.95
32 2 91.78
32 3 26.28
32 4 59.80
32 5 58.86
32 6 121.87
32 7 83.18
32 8 95.79
32 9 128.62
32 10 143.78
32 11 82.45
32 12 64.88
32 13 116.30
32 14 101.15
32 15 25.84
32 16 149.59
32 17 69.90
32 18 24.71
32 19 47.85
32 20 78.33
32 21 101.86
32 22 73.92
32 23 88.47
32 24 117.59
32 25 116.37
32 26 95.55
32 27 74.68
32 28 85.95
32 29 66.63
32 30 58.34
32 31 23.33
32 32 0.00
32 33 55.39
32 34 113.93
32 35 32.01
32 36 66.28
32 37 55.03
32 38 36.56
32 39 99.12
32 40 119.95
32 41 114.36
32 42 105.18
32 43 56.84
32 44 90.88
32 45 86.30
32 46 125.21
32 47 113.71
32 48 59.96
32 49 45.76
33 0 112.38
33 1 166.69
33 2 147.16
33 3 52.94
33 4 73.90
33 5 95.50
33 6 177.26
33 7 138.56
33 8 99.56
33 9 167.35
33 10 199.16
33 11 137.84
33 12 75.57
33 13 171.69
33 14 156.54
33 15 39.88
33 16 188.32
33 17 108.63
33 18 80.10
33 19 103.24
33 20 133.72
33 21 157.25
33 22 112.65
33 23 127.20
33 24 152.78
33 25 163.17
33 26 134.28
33 27 113.41
33 28 78.05
33 29 54.62
33 30 82.15
33 31 76.02
33 32 55.39
33 33 0.00
33 34 169.32
33 35 43.90
33 36 113.95
33 37 75.63
33 38 82.22
33 39 135.99
33 40 175.33
33 41 165.21
33 42 101.06
33 43 61.32
33 44 110.47
33 45 141.68
33 46 129.16
33 47 169.10
33 48 66.26
33 49 53.14
34 0 56.94
34 1 93.24
34 2 72.80
34 3 116.37
34 4 156.85
34 5 128.56
34 6 68.19
34 7 78.04
34 8 112.53
34 9 52.58
34 10 35.29
34 11 81.85
34 12 150.78
34 13 76.98
34 14 36.79
34 15 139.77
34 16 99.83
34 17 109.96
34 18 93.99
34 19 96.25
34 20 94.68
34 21 82.46
34 22 85.70
34 23 103.98
34 24 151.04
34 25 34.35
34 26 121.48
34 27 113.68
34 28 171.80
34 29 177.18
34 30 164.83
34 31 93.29
34 32 113.93
34 33 169.32
34 34 0.00
34 35 129.24
34 36 140.22
34 37 141.27
34 38 87.10
34 39 82.52
34 40 66.51
34 41 73.82
34 42 138.62
34 43 162.47
34 44 108.14
34 45 40.67
34 46 125.00
34 47 48.38
34 48 173.89
34 49 142.98
35 0 81.30
35 1 159.97
35 2 103.26
35 3 32.64
35 4 78.54
35 5 57.08
35 6 133.36
35 7 94.66
35 8 94.00
35 9 160.63
35 10 163.03
35 11 102.48
35 12 83.62
35 13 127.79
35 14 112.63
35 15 22.05
35 16 181.60
35 17 101.91
35 18 36.20
35 19 59.34
35 20 89.82
35 21 113.35
35 22 105.93
35 23 120.48
35 24 146.06
35 25 148.39
35 26 127.56
35 27 106.69
35 28 104.69
35 29 85.37
35 30 75.43
35 31 55.34
35 32 32.01
35 33 43.90
35 34 129.24
35 35 0.00
35 36 70.05
35 37 36.28
35 38 68.58
35 39 92.09
35 40 131.43
35 41 146.38
35 42 123.92
35 43 75.58
35 44 93.44
35 45 97.78
35 46 126.99
35 47 125.20
35 48 59.81
35 49 13.74
36 0 92.28
36 1 170.95
36 2 87.30
36 3 80.18
36 4 126.08
36 5 53.69
36 6 140.16
36 7 62.17
36 8 117.64
36 9 171.61
36 10 174.02
36 11 114.68
36 12 131.16
36 13 63.24
36 14 113.31
36 15 84.41
36 16 192.58
36 17 112.89
36 18 55.95
36 19 43.96
36 20 45.54
36 21 57.75
36 22 116.91
36 23 136.81
36 24 183.87
36 25 159.37
36 26 154.32
36 27 123.58
36 28 152.23
36 29 132.91
36 30 109.47
36 31 66.32
36 32 66.28
36 33 113.95
36 34 140.22
36 35 70.05
36 36 0.00
36 37 43.19
36 38 79.56
36 39 68.50
36 40 129.66
36 41 157.36
36 42 171.46
36 43 123.12
36 44 140.97
36 45 99.55
36 46 160.49
36 47 106.59
36 48 118.53
36 49 60.82
37 0 93.33
37 1 172.00
37 2 88.35
37 3 68.92
37 4 114.82
37 5 54.46
37 6 141.21
37 7 67.80
37 8 106.39
37 9 172.66
37 10 175.07
37 11 114.51
37 12 119.90
37 13 100.92
37 14 114.36
37 15 41.22
37 16 193.63
37 17 113.94
37 18 47.28
37 19 45.02
37 20 62.95
37 21 86.48
37 22 117.96
37 23 132.52
37 24 172.62
37 25 160.42
37 26 143.06
37 27 118.72
37 28 140.97
37 29 121.65
37 30 91.01
37 31 67.37
37 32 55.03
37 33 75.63
37 34 141.27
37 35 36.28
37 36 43.19
37 37 0.00
37 38 80.61
37 39 65.22
37 40 130.72
37 41 158.41
37 42 160.20
37 43 111.86
37 44 129.72
37 45 100.60
37 46 129.61
37 47 107.64
37 48 84.48
37 49 24.61
38 0 33.15
38 1 91.39
38 2 72.64
38 3 51.39
38 4 69.75
38 5 75.44
38 6 95.04
38 7 56.34
38 8 112.37
38 9 92.06
38 10 116.94
38 11 76.97
38 12 71.72
38 13 89.47
38 14 74.32
38 15 61.41
38 16 113.03
38 17 37.99
38 18 33.33
38 19 35.59
38 20 54.12
38 21 88.87
38 22 37.35
38 23 77.38
38 24 124.44
38 25 80.95
38 26 94.88
38 27 64.15
38 28 92.79
38 29 90.08
38 30 77.73
38 31 13.24
38 32 36.56
38 33 82.22
38 34 87.10
38 35 68.58
38 36 79.56
38 37 80.61
38 38 0.00
38 39 92.27
38 40 93.12
38 41 82.99
38 42 112.02
38 43 75.37
38 44 107.46
38 45 59.47
38 46 108.63
38 47 86.88
38 48 86.79
38 49 82.32
39 0 59.13
39 1 158.92
39 2 107.71
39 3 113.02
39 4 158.92
39 5 92.08
39 6 125.86
39 7 54.44
39 8 150.48
39 9 118.26
39 10 116.32
39 11 147.53
39 12 164.00
39 13 42.56
39 14 88.34
39 15 106.44
39 16 165.51
39 17 110.47
39 18 88.79
39 19 64.05
39 20 48.04
39 21 24.60
39 22 95.85
39 23 169.65
39 24 216.72
39 25 101.67
39 26 187.16
39 27 156.42
39 28 185.07
39 29 165.75
39 30 135.10
39 31 82.44
39 32 99.12
39 33 135.99
39 34 82.52
39 35 92.09
39 36 68.50
39 37 65.22
39 38 92.27
39 39 0.00
39 40 115.61
39 41 139.49
39 42 204.30
39 43 155.96
39 44 173.81
39 45 79.65
39 46 91.99
39 47 80.64
39 48 140.56
39 49 82.85
40 0 82.06
40 1 85.10
40 2 42.36
40 3 122.39
40 4 162.87
40 5 118.00
40 6 10.49
40 7 67.49
40 8 86.93
40 9 92.40
40 10 44.35
40 11 37.50
40 12 156.80
40 13 103.20
40 14 29.72
40 15 145.79
40 16 75.54
40 17 115.97
40 18 95.23
40 19 85.70
40 20 84.13
40 21 112.21
40 22 98.73
40 23 74.00
40 24 101.10
40 25 57.46
40 26 75.78
40 27 119.70
40 28 177.82
40 29 183.20
40 30 170.85
40 31 99.31
40 32 119.95
40 33 175.33
40 34 66.51
40 35 131.43
40 36 129.66
40 37 130.72
40 38 93.12
40 39 115.61
40 40 0.00
40 41 27.69
40 42 129.43
40 43 168.49
40 44 64.87
40 45 39.51
40 46 174.98
40 47 34.97
40 48 179.91
40 49 132.42
41 0 80.37
41 1 74.97
41 2 70.06
41 3 129.19
41 4 152.74
41 5 145.70
41 6 17.20
41 7 95.18
41 8 114.62
41 9 78.46
41 10 38.53
41 11 43.90
41 12 146.67
41 13 127.08
41 14 51.16
41 15 139.21
41 16 61.60
41 17 105.85
41 18 111.13
41 19 113.39
41 20 111.82
41 21 136.09
41 22 84.79
41 23 63.87
41 24 90.25
41 25 43.52
41 26 65.65
41 27 109.57
41 28 167.69
41 29 173.07
41 30 160.72
41 31 91.04
41 32 114.36
41 33 165.21
41 34 73.82
41 35 146.38
41 36 157.36
41 37 158.41
41 38 82.99
41 39 139.49
41 40 27.69
41 41 0.00
41 42 119.30
41 43 158.36
41 44 75.47
41 45 59.85
41 46 161.04
41 47 58.85
41 48 169.78
41 49 160.12
42 0 145.17
42 1 66.68
42 2 101.26
42 3 91.28
42 4 51.66
42 5 117.76
42 6 131.35
42 7 149.85
42 8 62.58
42 9 86.04
42 10 153.26
42 11 91.93
42 12 42.18
42 13 191.89
42 14 115.96
42 15 124.44
42 16 87.26
42 17 93.82
42 18 115.50
42 19 140.25
42 20 166.15
42 21 200.90
42 22 108.45
42 23 55.43
42 24 51.73
42 25 117.26
42 26 53.65
42 27 50.50
42 28 48.39
42 29 53.77
42 30 91.71
42 31 121.86
42 32 105.18
42 33 101.06
42 34 138.62
42 35 123.92
42 36 171.46
42 37 160.20
42 38 112.02
42 39 204.30
42 40 129.43
42 41 119.30
42 42 0.00
42 43 48.34
42 44 64.56
42 45 124.65
42 46 158.58
42 47 123.65
42 48 91.40
42 49 135.59
43 0 105.53
43 1 105.37
43 2 140.32
43 3 46.10
43 4 12.58
43 5 88.66
43 6 170.42
43 7 131.72
43 8 110.08
43 9 115.39
43 10 192.32
43 11 130.99
43 12 14.25
43 13 164.84
43 14 149.69
43 15 76.11
43 16 127.00
43 17 52.52
43 18 73.26
43 19 96.39
43 20 126.87
43 21 152.56
43 22 76.77
43 23 94.49
43 24 91.46
43 25 156.32
43 26 92.71
43 27 52.09
43 28 29.11
43 29 14.71
43 30 44.05
43 31 73.52
43 32 56.84
43 33 61.32
43 34 162.47
43 35 75.58
43 36 123.12
43 37 111.86
43 38 75.37
43 39 155.96
43 40 168.49
43 41 158.36
43 42 48.34
43 43 0.00
43 44 105.17
43 45 134.84
43 46 110.92
43 47 162.26
43 48 43.74
43 49 87.25
44 0 123.17
44 1 124.19
44 2 66.10
44 3 64.60
44 4 109.17
44 5 87.28
44 6 66.79
44 7 119.37
44 8 39.15
44 9 133.51
44 10 92.13
44 11 31.57
44 12 99.69
44 13 161.40
44 14 85.48
44 15 111.15
44 16 116.65
44 17 145.45
44 18 85.02
44 19 109.76
44 20 135.66
44 21 170.42
44 22 139.84
44 23 62.87
44 24 75.16
44 25 98.57
44 26 56.66
44 27 108.01
44 28 112.95
44 29 118.33
44 30 149.22
44 31 110.25
44 32 90.88
44 33 110.47
44 34 108.14
44 35 93.44
44 36 140.97
44 37 129.72
44 38 107.46
44 39 173.81
44 40 64.87
44 41 75.47
44 42 64.56
44 43 105.17
44 44 0.00
44 45 94.17
44 46 216.09
44 47 93.17
44 48 148.91
44 49 105.11
45 0 42.55
45 1 79.27
45 2 45.80
45 3 88.74
45 4 129.21
45 5 87.89
45 6 46.21
45 7 37.38
45 8 85.52
45 9 72.06
45 10 74.46
45 11 67.88
45 12 123.15
45 13 67.24
45 14 14.85
45 15 112.14
45 16 93.03
45 17 82.32
45 18 61.58
45 19 55.59
45 20 54.01
45 21 76.25
45 22 59.22
45 23 90.01
45 24 137.07
45 25 59.82
45 26 107.51
45 27 86.05
45 28 144.16
45 29 149.55
45 30 137.20
45 31 65.66
45 32 86.30
45 33 141.68
45 34 40.67
45 35 97.78
45 36 99.55
45 37 100.60
45 38 59.47
45 39 79.65
45 40 39.51
45 41 59.85
45 42 124.65
45 43 134.84
45 44 94.17
45 45 0.00
45 46 135.47
45 47 27.42
45 48 146.26
45 49 102.31
46 0 92.92
46 1 97.27
46 2 181.27
46 3 151.49
46 4 106.92
46 5 184.07
46 6 176.65
46 7 144.53
46 8 220.99
46 9 82.58
46 10 154.85
46 11 185.60
46 12 116.40
46 13 134.55
46 14 145.26
46 15 104.94
46 16 103.86
46 17 70.64
46 18 136.36
46 19 137.02
46 20 140.02
46 21 116.59
46 22 76.25
46 23 153.22
46 24 155.07
46 25 118.85
46 26 161.86
46 27 108.08
46 28 123.42
46 29 112.69
46 30 73.45
46 31 105.83
46 32 125.21
46 33 129.16
46 34 125.00
46 35 126.99
46 36 160.49
46 37 129.61
46 38 108.63
46 39 91.99
46 40 174.98
46 41 161.04
46 42 158.58
46 43 110.92
46 44 216.09
46 45 135.47
46 46 0.00
46 47 156.85
46 48 67.18
46 49 138.30
47 0 63.93
47 1 78.86
47 2 27.07
47 3 116.16
47 4 156.63
47 5 94.92
47 6 45.22
47 7 44.41
47 8 69.84
47 9 74.27
47 10 67.43
47 11 66.88
47 12 150.56
47 13 68.23
47 14 12.56
47 15 139.55
47 16 86.00
47 17 109.74
47 18 89.00
47 19 65.86
47 20 61.05
47 21 77.24
47 22 85.48
47 23 89.01
47 24 136.07
47 25 52.78
47 26 106.52
47 27 113.47
47 28 171.58
47 29 176.96
47 30 164.62
47 31 93.07
47 32 113.71
47 33 169.10
47 34 48.38
47 35 125.20
47 36 106.59
47 37 107.64
47 38 86.88
47 39 80.64
47 40 34.97
47 41 58.85
47 42 123.65
47 43 162.26
47 44 93.17
47 45 27.42
47 46 156.85
47 47 0.00
47 48 173.67
47 49 115.96
48 0 116.95
48 1 100.43
48 2 151.74
48 3 84.31
48 4 39.74
48 5 116.89
48 6 181.84
48 7 143.14
48 8 153.81
48 9 126.81
48 10 203.74
48 11 142.41
48 12 49.22
48 13 176.26
48 14 161.11
48 15 52.37
48 16 122.06
48 17 63.94
48 18 84.68
48 19 107.81
48 20 138.29
48 21 161.82
48 22 88.19
48 23 105.91
48 24 88.14
48 25 167.74
48 26 104.13
48 27 60.21
48 28 56.49
48 29 45.51
48 30 15.89
48 31 80.60
48 32 59.96
48 33 66.26
48 34 173.89
48 35 59.81
48 36 118.53
48 37 84.48
48 38 86.79
48 39 140.56
48 40 179.91
48 41 169.78
48 42 91.40
48 43 43.74
48 44 148.91
48 45 146.26
48 46 67.18
48 47 173.67
48 48 0.00
48 49 73.28
49 0 95.04
49 1 173.71
49 2 94.03
49 3 44.31
49 4 90.21
49 5 45.77
49 6 142.92
49 7 85.43
49 8 82.70
49 9 174.37
49 10 176.78
49 11 116.22
49 12 95.29
49 13 118.55
49 14 116.07
49 15 33.35
49 16 195.34
49 17 115.65
49 18 48.99
49 19 50.10
49 20 80.58
49 21 104.11
49 22 119.67
49 23 134.23
49 24 159.80
49 25 162.13
49 26 141.30
49 27 120.43
49 28 116.36
49 29 97.04
49 30 89.17
49 31 69.08
49 32 45.76
49 33 53.14
49 34 142.98
49 35 13.74
49 36 60.82
49 37 24.61
49 38 82.32
49 39 82.85
49 40 132.42
49 41 160.12
49 42 135.59
49 43 87.25
49 44 105.11
49 45 102.31
49 46 138.30
49 47 115.96
49 48 73.28
49 49 0.00
