50 2
0 0 0.00
0 1 55.76
0 2 45.57
0 3 38.15
0 4 67.55
0 5 73.60
0 6 96.28
0 7 52.32
0 8 74.78
0 9 84.19
0 10 51.63
0 11 24.82
0 12 38.98
0 13 42.77
0 14 107.03
0 15 42.34
0 16 36.27
0 17 83.91
0 18 57.64
0 19 57.26
0 20 6.35
0 21 44.88
0 22 45.81
0 23 57.40
0 24 16.51
0 25 79.65
0 26 21.03
0 27 99.15
0 28 67.99
0 29 76.31
0 30 68.43
0 31 69.97
0 32 45.29
0 33 15.03
0 34 88.04
0 35 44.09
0 36 64.48
0 37 65.22
0 38 56.19
0 39 43.74
0 40 89.46
0 41 34.42
0 42 52.06
0 43 51.10
0 44 73.60
0 45 40.18
0 46 57.93
0 47 8.61
0 48 64.06
0 49 15.84
1 0 55.76
1 1 0.00
1 2 13.22
1 3 93.92
1 4 89.34
1 5 124.92
1 6 44.95
1 7 103.64
1 8 28.38
1 9 28.43
1 10 102.95
1 11 76.14
1 12 19.17
1 13 94.09
1 14 56.99
1 15 98.11
1 16 87.59
1 17 135.23
1 18 4.18
1 19 108.58
1 20 57.67
1 21 96.20
1 22 11.55
1 23 113.16
1 24 55.79
1 25 28.33
1 26 72.35
1 27 47.83
1 28 41.18
1 29 20.55
1 30 31.32
1 31 14.21
1 32 60.95
1 33 70.79
1 34 32.28
1 35 95.41
1 36 115.80
1 37 32.09
1 38 107.51
1 39 95.06
1 40 38.14
1 41 90.18
1 42 101.36
1 43 102.42
1 44 22.28
1 45 15.59
1 46 109.25
1 47 55.23
1 48 17.28
1 49 51.43
2 0 45.57
2 1 13.22
2 2 0.00
2 3 80.69
2 4 83.60
2 5 119.17
2 6 53.75
2 7 97.90
2 8 32.25
2 9 41.65
2 10 97.20
2 11 70.40
2 12 6.59
2 13 88.34
2 14 64.49
2 15 84.88
2 16 81.84
2 17 129.48
2 18 15.10
2 19 102.84
2 20 51.92
2 21 90.45
2 22 1.67
2 23 99.93
2 24 50.04
2 25 34.08
2 26 66.60
2 27 53.58
2 28 27.96
2 29 33.77
2 30 22.86
2 31 27.44
2 32 55.21
2 33 59.97
2 34 45.50
2 35 89.66
2 36 110.05
2 37 26.34
2 38 101.76
2 39 89.31
2 40 43.89
2 41 76.95
2 42 95.62
2 43 96.67
2 44 28.03
2 45 7.68
2 46 103.50
2 47 42.01
2 48 18.48
2 49 38.21
3 0 38.15
3 1 93.92
3 2 80.69
3 3 0.00
3 4 105.70
3 5 68.89
3 6 134.44
3 7 51.38
3 8 112.94
3 9 122.34
3 10 83.62
3 11 31.36
3 12 74.74
3 13 66.28
3 14 145.18
3 15 8.83
3 16 61.38
3 17 79.20
3 18 95.79
3 19 91.56
3 20 43.50
3 21 72.72
3 22 82.36
3 23 19.24
3 24 54.66
3 25 88.16
3 26 38.24
3 27 103.86
3 28 72.70
3 29 114.46
3 30 73.14
3 31 108.13
3 32 83.45
3 33 23.12
3 34 126.19
3 35 81.96
3 36 70.87
3 37 103.37
3 38 71.95
3 39 64.64
3 40 94.17
3 41 6.55
3 42 90.21
3 43 46.39
3 44 90.70
3 45 78.33
3 46 53.22
3 47 38.68
3 48 76.64
3 49 42.48
4 0 67.55
4 1 89.34
4 2 83.60
4 3 105.70
4 4 0.00
4 5 55.93
4 6 44.39
4 7 54.32
4 8 60.96
4 9 88.24
4 10 22.08
4 11 74.34
4 12 77.00
4 13 39.42
4 14 39.48
4 15 109.89
4 16 44.32
4 17 45.89
4 18 85.16
4 19 19.24
4 20 62.20
4 21 32.98
4 22 83.83
4 23 124.94
4 24 51.04
4 25 117.67
4 26 67.46
4 27 137.18
4 28 106.02
4 29 97.60
4 30 106.45
4 31 86.68
4 32 28.39
4 33 82.58
4 34 77.19
4 35 23.74
4 36 34.83
4 37 57.25
4 38 33.75
4 39 41.06
4 40 127.48
4 41 101.96
4 42 15.49
4 43 64.03
4 44 111.62
4 45 75.91
4 46 66.08
4 47 67.02
4 48 102.08
4 49 63.22
5 0 73.60
5 1 124.92
5 2 119.17
5 3 68.89
5 4 55.93
5 5 0.00
5 6 84.66
5 7 21.28
5 8 96.54
5 9 123.81
5 10 33.85
5 11 48.78
5 12 112.58
5 13 30.83
5 14 95.41
5 15 60.06
5 16 37.33
5 17 27.98
5 18 120.74
5 19 41.79
5 20 67.25
5 21 28.72
5 22 119.41
5 23 81.68
5 24 69.13
5 25 153.25
5 26 52.57
5 27 172.75
5 28 141.59
5 29 133.18
5 30 142.03
5 31 122.26
5 32 63.97
5 33 59.20
5 34 112.77
5 35 32.19
5 36 21.10
5 37 92.83
5 38 22.17
5 39 29.86
5 40 163.06
5 41 75.44
5 42 40.44
5 43 22.50
5 44 147.20
5 45 111.49
5 46 15.67
5 47 82.21
5 48 137.66
5 49 89.44
6 0 96.28
6 1 44.95
6 2 53.75
6 3 134.44
6 4 44.39
6 5 84.66
6 6 0.00
6 7 83.06
6 8 21.50
6 9 43.84
6 10 58.00
6 11 103.07
6 12 59.69
6 13 68.16
6 14 12.04
6 15 138.63
6 16 73.05
6 17 90.28
6 18 40.77
6 19 63.64
6 20 90.94
6 21 61.71
6 22 52.08
6 23 153.68
6 24 79.78
6 25 73.28
6 26 96.19
6 27 92.78
6 28 81.70
6 29 53.21
6 30 71.84
6 31 42.29
6 32 50.99
6 33 111.31
6 34 32.80
6 35 52.47
6 36 70.85
6 37 31.06
6 38 62.56
6 39 69.80
6 40 83.09
6 41 130.70
6 42 56.41
6 43 92.77
6 44 67.23
6 45 56.11
6 46 94.81
6 47 95.75
6 48 57.80
6 49 91.95
7 0 52.32
7 1 103.64
7 2 97.90
7 3 51.38
7 4 54.32
7 5 21.28
7 6 83.06
7 7 0.00
7 8 75.26
7 9 102.54
7 10 32.25
7 11 27.50
7 12 91.30
7 13 14.90
7 14 93.80
7 15 55.57
7 16 16.06
7 17 31.59
7 18 99.46
7 19 40.19
7 20 45.97
7 21 21.35
7 22 98.13
7 23 70.62
7 24 47.85
7 25 131.98
7 26 31.29
7 27 151.48
7 28 120.32
7 29 111.90
7 30 120.75
7 31 100.98
7 32 42.69
7 33 37.92
7 34 91.49
7 35 30.58
7 36 19.50
7 37 71.55
7 38 20.57
7 39 13.26
7 40 141.79
7 41 54.16
7 42 38.83
7 43 9.71
7 44 125.92
7 45 90.22
7 46 11.76
7 47 60.94
7 48 116.38
7 49 68.16
8 0 74.78
8 1 28.38
8 2 32.25
8 3 112.94
8 4 60.96
8 5 96.54
8 6 21.50
8 7 75.26
8 8 0.00
8 9 27.28
8 10 74.57
8 11 81.57
8 12 38.19
8 13 65.70
8 14 32.25
8 15 117.13
8 16 59.20
8 17 106.85
8 18 24.20
8 19 80.20
8 20 69.44
8 21 67.81
8 22 30.57
8 23 132.18
8 24 58.28
8 25 56.72
8 26 74.69
8 27 76.22
8 28 60.20
8 29 36.64
8 30 50.34
8 31 25.73
8 32 32.57
8 33 89.81
8 34 16.23
8 35 67.02
8 36 87.42
8 37 9.56
8 38 79.13
8 39 66.68
8 40 66.53
8 41 109.20
8 42 72.98
8 43 74.03
8 44 50.66
8 45 34.61
8 46 80.86
8 47 74.25
8 48 41.12
8 49 70.45
9 0 84.19
9 1 28.43
9 2 41.65
9 3 122.34
9 4 88.24
9 5 123.81
9 6 43.84
9 7 102.54
9 8 27.28
9 9 0.00
9 10 101.84
9 11 90.98
9 12 47.60
9 13 92.98
9 14 55.88
9 15 126.53
9 16 86.48
9 17 134.12
9 18 26.55
9 19 107.48
9 20 78.84
9 21 95.09
9 22 39.98
9 23 141.58
9 24 67.68
9 25 34.18
9 26 84.10
9 27 54.06
9 28 69.61
9 29 9.37
9 30 59.75
9 31 14.21
9 32 59.85
9 33 99.22
9 34 11.04
9 35 94.30
9 36 114.69
9 37 30.98
9 38 106.40
9 39 93.95
9 40 51.36
9 41 118.60
9 42 100.26
9 43 101.31
9 44 31.64
9 45 44.01
9 46 108.14
9 47 83.66
9 48 45.70
9 49 79.86
10 0 51.63
10 1 102.95
10 2 97.20
10 3 83.62
10 4 22.08
10 5 33.85
10 6 58.00
10 7 32.25
10 8 74.57
10 9 101.84
10 10 0.00
10 11 52.26
10 12 90.61
10 13 17.35
10 14 61.56
10 15 87.81
10 16 22.24
10 17 32.28
10 18 98.77
10 19 7.94
10 20 45.28
10 21 10.90
10 22 97.44
10 23 102.87
10 24 47.16
10 25 131.28
10 26 45.38
10 27 150.78
10 28 119.62
10 29 111.21
10 30 120.06
10 31 100.29
10 32 42.00
10 33 60.50
10 34 90.80
10 35 7.54
10 36 12.85
10 37 70.86
10 38 11.68
10 39 18.98
10 40 141.09
10 41 79.89
10 42 6.59
10 43 41.95
10 44 125.23
10 45 89.52
10 46 44.00
10 47 60.24
10 48 115.69
10 49 67.47
11 0 24.82
11 1 76.14
11 2 70.40
11 3 31.36
11 4 74.34
11 5 48.78
11 6 103.07
11 7 27.50
11 8 81.57
11 9 90.98
11 10 52.26
11 11 0.00
11 12 63.80
11 13 34.91
11 14 113.82
11 15 35.55
11 16 30.02
11 17 59.09
11 18 71.96
11 19 60.20
11 20 18.47
11 21 41.36
11 22 70.63
11 23 50.61
11 24 23.30
11 25 104.48
11 26 6.88
11 27 123.98
11 28 92.82
11 29 84.40
11 30 93.25
11 31 76.76
11 32 52.08
11 33 10.42
11 34 94.83
11 35 50.60
11 36 39.66
11 37 72.01
11 38 40.58
11 39 33.27
11 40 114.29
11 41 27.63
11 42 58.85
11 43 26.27
11 44 98.42
11 45 62.72
11 46 33.11
11 47 33.44
11 48 88.88
11 49 40.66
12 0 38.98
12 1 19.17
12 2 6.59
12 3 74.74
12 4 77.00
12 5 112.58
12 6 59.69
12 7 91.30
12 8 38.19
12 9 47.60
12 10 90.61
12 11 63.80
12 12 0.00
12 13 81.75
12 14 70.44
12 15 78.93
12 16 75.25
12 17 122.89
12 18 21.05
12 19 96.24
12 20 45.33
12 21 83.86
12 22 7.62
12 23 93.99
12 24 43.45
12 25 40.67
12 26 60.01
12 27 60.17
12 28 29.01
12 29 39.72
12 30 29.45
12 31 33.38
12 32 48.61
12 33 53.38
12 34 51.45
12 35 83.07
12 36 103.46
12 37 28.63
12 38 95.17
12 39 82.72
12 40 50.48
12 41 71.01
12 42 89.02
12 43 90.08
12 44 34.62
12 45 3.59
12 46 96.91
12 47 36.06
12 48 25.08
12 49 32.26
13 0 42.77
13 1 94.09
13 2 88.34
13 3 66.28
13 4 39.42
13 5 30.83
13 6 68.16
13 7 14.90
13 8 65.70
13 9 92.98
13 10 17.35
13 11 34.91
13 12 81.75
13 13 0.00
13 14 78.90
13 15 70.47
13 16 6.50
13 17 41.14
13 18 89.91
13 19 25.28
13 20 36.42
13 21 6.44
13 22 88.58
13 23 85.52
13 24 38.30
13 25 122.42
13 26 28.04
13 27 141.92
13 28 110.76
13 29 102.35
13 30 111.20
13 31 91.43
13 32 33.13
13 33 43.15
13 34 81.94
13 35 15.68
13 36 21.71
13 37 62.00
13 38 13.42
13 39 1.64
13 40 132.23
13 41 62.54
13 42 23.93
13 43 24.61
13 44 116.37
13 45 80.66
13 46 26.66
13 47 51.38
13 48 106.83
13 49 58.61
14 0 107.03
14 1 56.99
14 2 64.49
14 3 145.18
14 4 39.48
14 5 95.41
14 6 12.04
14 7 93.80
14 8 32.25
14 9 55.88
14 10 61.56
14 11 113.82
14 12 70.44
14 13 78.90
14 14 0.00
14 15 149.37
14 16 83.80
14 17 78.24
14 18 52.81
14 19 53.62
14 20 101.68
14 21 72.46
14 22 62.82
14 23 164.42
14 24 90.52
14 25 85.32
14 26 106.94
14 27 104.82
14 28 92.45
14 29 65.25
14 30 82.59
14 31 54.33
14 32 61.74
14 33 122.06
14 34 44.84
14 35 63.22
14 36 74.31
14 37 41.81
14 38 73.23
14 39 80.54
14 40 95.13
14 41 141.44
14 42 54.97
14 43 103.51
14 44 79.27
14 45 66.85
14 46 105.56
14 47 106.50
14 48 69.73
14 49 102.70
15 0 42.34
15 1 98.11
15 2 84.88
15 3 8.83
15 4 109.89
15 5 60.06
15 6 138.63
15 7 55.57
15 8 117.13
15 9 126.53
15 10 87.81
15 11 35.55
15 12 78.93
15 13 70.47
15 14 149.37
15 15 0.00
15 16 65.57
15 17 81.94
15 18 99.98
15 19 95.75
15 20 47.69
15 21 76.91
15 22 86.55
15 23 21.63
15 24 58.85
15 25 93.19
15 26 42.43
15 27 112.69
15 28 81.53
15 29 118.65
15 30 81.97
15 31 112.32
15 32 87.64
15 33 27.31
15 34 130.38
15 35 86.15
15 36 75.06
15 37 107.56
15 38 76.14
15 39 68.83
15 40 103.00
15 41 15.38
15 42 94.40
15 43 45.86
15 44 94.89
15 45 82.52
15 46 44.39
15 47 42.87
15 48 80.83
15 49 46.67
16 0 36.27
16 1 87.59
16 2 81.84
16 3 61.38
16 4 44.32
16 5 37.33
16 6 73.05
16 7 16.06
16 8 59.20
16 9 86.48
16 10 22.24
16 11 30.02
16 12 75.25
16 13 6.50
16 14 83.80
16 15 65.57
16 16 0.00
16 17 47.64
16 18 83.41
16 19 30.18
16 20 29.92
16 21 11.34
16 22 82.08
16 23 80.63
16 24 31.80
16 25 115.92
16 26 23.14
16 27 135.42
16 28 104.26
16 29 95.85
16 30 104.70
16 31 84.93
16 32 26.63
16 33 38.26
16 34 75.44
16 35 20.58
16 36 28.21
16 37 55.50
16 38 19.92
16 39 7.47
16 40 125.73
16 41 57.64
16 42 28.83
16 43 19.71
16 44 109.87
16 45 74.16
16 46 21.76
16 47 44.88
16 48 100.33
16 49 52.11
17 0 83.91
17 1 135.23
17 2 129.48
17 3 79.20
17 4 45.89
17 5 27.98
17 6 90.28
17 7 31.59
17 8 106.85
17 9 134.12
17 10 32.28
17 11 59.09
17 12 122.89
17 13 41.14
17 14 78.24
17 15 81.94
17 16 47.64
17 17 0.00
17 18 131.05
17 19 26.65
17 20 77.56
17 21 39.03
17 22 129.72
17 23 96.99
17 24 79.44
17 25 163.56
17 26 62.88
17 27 183.06
17 28 151.91
17 29 143.49
17 30 152.34
17 31 132.57
17 32 74.28
17 33 69.51
17 34 123.08
17 35 39.83
17 36 19.43
17 37 103.14
17 38 27.72
17 39 40.17
17 40 173.37
17 41 85.75
17 42 33.87
17 43 36.08
17 44 157.51
17 45 121.80
17 46 38.13
17 47 92.53
17 48 147.97
17 49 99.75
18 0 57.64
18 1 4.18
18 2 15.10
18 3 95.79
18 4 85.16
18 5 120.74
18 6 40.77
18 7 99.46
18 8 24.20
18 9 26.55
18 10 98.77
18 11 71.96
18 12 21.05
18 13 89.91
18 14 52.81
18 15 99.98
18 16 83.41
18 17 131.05
18 18 0.00
18 19 104.40
18 20 53.49
18 21 92.02
18 22 13.43
18 23 115.03
18 24 51.61
18 25 32.51
18 26 68.17
18 27 52.01
18 28 43.06
18 29 18.67
18 30 33.20
18 31 12.34
18 32 56.77
18 33 72.67
18 34 30.40
18 35 91.22
18 36 111.62
18 37 27.91
18 38 103.33
18 39 90.88
18 40 42.32
18 41 92.05
18 42 97.18
18 43 98.23
18 44 26.46
18 45 17.46
18 46 105.07
18 47 57.11
18 48 19.15
18 49 53.31
19 0 57.26
19 1 108.58
19 2 102.84
19 3 91.56
19 4 19.24
19 5 41.79
19 6 63.64
19 7 40.19
19 8 80.20
19 9 107.48
19 10 7.94
19 11 60.20
19 12 96.24
19 13 25.28
19 14 53.62
19 15 95.75
19 16 30.18
19 17 26.65
19 18 104.40
19 19 0.00
19 20 50.91
19 21 18.84
19 22 103.07
19 23 110.81
19 24 52.79
19 25 136.92
19 26 53.32
19 27 156.42
19 28 125.26
19 29 116.84
19 30 125.69
19 31 105.93
19 32 47.63
19 33 68.44
19 34 96.43
19 35 13.18
19 36 20.69
19 37 76.49
19 38 19.62
19 39 26.92
19 40 146.73
19 41 87.83
19 42 7.22
19 43 49.89
19 44 130.86
19 45 95.16
19 46 51.94
19 47 65.88
19 48 121.32
19 49 73.10
20 0 6.35
20 1 57.67
20 2 51.92
20 3 43.50
20 4 62.20
20 5 67.25
20 6 90.94
20 7 45.97
20 8 69.44
20 9 78.84
20 10 45.28
20 11 18.47
20 12 45.33
20 13 36.42
20 14 101.68
20 15 47.69
20 16 29.92
20 17 77.56
20 18 53.49
20 19 50.91
20 20 0.00
20 21 38.53
20 22 52.16
20 23 62.74
20 24 11.16
20 25 86.00
20 26 14.68
20 27 105.50
20 28 74.34
20 29 70.96
20 30 74.78
20 31 64.63
20 32 39.95
20 33 20.38
20 34 82.69
20 35 38.46
20 36 58.13
20 37 59.87
20 38 49.84
20 39 37.39
20 40 95.81
20 41 39.76
20 42 46.71
20 43 44.75
20 44 79.95
20 45 44.24
20 46 51.58
20 47 14.96
20 48 70.41
20 49 22.19
21 0 44.88
21 1 96.20
21 2 90.45
21 3 72.72
21 4 32.98
21 5 28.72
21 6 61.71
21 7 21.35
21 8 67.81
21 9 95.09
21 10 10.90
21 11 41.36
21 12 83.86
21 13 6.44
21 14 72.46
21 15 76.91
21 16 11.34
21 17 39.03
21 18 92.02
21 19 18.84
21 20 38.53
21 21 0.00
21 22 90.69
21 23 91.96
21 24 40.41
21 25 124.53
21 26 34.48
21 27 144.03
21 28 112.87
21 29 104.46
21 30 113.31
21 31 93.54
21 32 35.24
21 33 49.60
21 34 84.05
21 35 9.24
21 36 19.60
21 37 64.11
21 38 11.31
21 39 8.08
21 40 134.34
21 41 68.98
21 42 17.49
21 43 31.05
21 44 118.48
21 45 82.77
21 46 33.10
21 47 53.49
21 48 108.94
21 49 60.72
22 0 45.81
22 1 11.55
22 2 1.67
22 3 82.36
22 4 83.83
22 5 119.41
22 6 52.08
22 7 98.13
22 8 30.57
22 9 39.98
22 10 97.44
22 11 70.63
22 12 7.62
22 13 88.58
22 14 62.82
22 15 86.55
22 16 82.08
22 17 129.72
22 18 13.43
22 19 103.07
22 20 52.16
22 21 90.69
22 22 0.00
22 23 101.60
22 24 50.28
22 25 33.84
22 26 66.84
22 27 53.34
22 28 29.63
22 29 32.10
22 30 22.62
22 31 25.77
22 32 55.44
22 33 60.21
22 34 43.83
22 35 89.89
22 36 110.29
22 37 26.58
22 38 102.00
22 39 89.55
22 40 43.65
22 41 78.62
22 42 95.85
22 43 96.90
22 44 27.79
22 45 7.92
22 46 103.74
22 47 43.68
22 48 18.25
22 49 39.88
23 0 57.40
23 1 113.16
23 2 99.93
23 3 19.24
23 4 124.94
23 5 81.68
23 6 153.68
23 7 70.62
23 8 132.18
23 9 141.58
23 10 102.87
23 11 50.61
23 12 93.99
23 13 85.52
23 14 164.42
23 15 21.63
23 16 80.63
23 17 96.99
23 18 115.03
23 19 110.81
23 20 62.74
23 21 91.96
23 22 101.60
23 23 0.00
23 24 73.90
23 25 107.40
23 26 57.48
23 27 91.07
23 28 71.98
23 29 133.70
23 30 81.84
23 31 127.37
23 32 102.69
23 33 42.37
23 34 145.43
23 35 101.20
23 36 90.12
23 37 122.61
23 38 91.19
23 39 83.88
23 40 90.22
23 41 22.98
23 42 109.45
23 43 60.91
23 44 109.94
23 45 97.57
23 46 66.01
23 47 57.93
23 48 95.88
23 49 61.72
24 0 16.51
24 1 55.79
24 2 50.04
24 3 54.66
24 4 51.04
24 5 69.13
24 6 79.78
24 7 47.85
24 8 58.28
24 9 67.68
24 10 47.16
24 11 23.30
24 12 43.45
24 13 38.30
24 14 90.52
24 15 58.85
24 16 31.80
24 17 79.44
24 18 51.61
24 19 52.79
24 20 11.16
24 21 40.41
24 22 50.28
24 23 73.90
24 24 0.00
24 25 84.12
24 26 16.56
24 27 103.62
24 28 72.46
24 29 64.05
24 30 72.90
24 31 53.47
24 32 28.79
24 33 31.54
24 34 71.53
24 35 39.62
24 36 60.01
24 37 48.71
24 38 51.72
24 39 39.27
24 40 93.93
24 41 50.92
24 42 45.57
24 43 46.63
24 44 78.07
24 45 42.36
24 46 53.46
24 47 15.98
24 48 68.53
24 49 20.31
25 0 79.65
25 1 28.33
25 2 34.08
25 3 88.16
25 4 117.67
25 5 153.25
25 6 73.28
25 7 131.98
25 8 56.72
25 9 34.18
25 10 131.28
25 11 104.48
25 12 40.67
25 13 122.42
25 14 85.32
25 15 93.19
25 16 115.92
25 17 163.56
25 18 32.51
25 19 136.92
25 20 86.00
25 21 124.53
25 22 33.84
25 23 107.40
25 24 84.12
25 25 0.00
25 26 100.68
25 27 19.88
25 28 35.42
25 29 26.31
25 30 25.56
25 31 30.99
25 32 89.29
25 33 94.05
25 34 40.48
25 35 123.74
25 36 144.13
25 37 60.42
25 38 135.84
25 39 123.39
25 40 17.18
25 41 84.42
25 42 129.69
25 43 130.75
25 44 6.05
25 45 41.76
25 46 137.58
25 47 71.04
25 48 15.59
25 49 63.81
26 0 21.03
26 1 72.35
26 2 66.60
26 3 38.24
26 4 67.46
26 5 52.57
26 6 96.19
26 7 31.29
26 8 74.69
26 9 84.10
26 10 45.38
26 11 6.88
26 12 60.01
26 13 28.04
26 14 106.94
26 15 42.43
26 16 23.14
26 17 62.88
26 18 68.17
26 19 53.32
26 20 14.68
26 21 34.48
26 22 66.84
26 23 57.48
26 24 16.56
26 25 100.68
26 26 0.00
26 27 120.18
26 28 89.02
26 29 80.61
26 30 89.46
26 31 69.89
26 32 45.20
26 33 15.12
26 34 87.95
26 35 43.72
26 36 43.45
26 37 65.13
26 38 35.16
26 39 26.40
26 40 110.49
26 41 34.50
26 42 51.97
26 43 30.07
26 44 94.63
26 45 58.92
26 46 36.90
26 47 29.64
26 48 85.09
26 49 36.87
27 0 99.15
27 1 47.83
27 2 53.58
27 3 103.86
27 4 137.18
27 5 172.75
27 6 92.78
27 7 151.48
27 8 76.22
27 9 54.06
27 10 150.78
27 11 123.98
27 12 60.17
27 13 141.92
27 14 104.82
27 15 112.69
27 16 135.42
27 17 183.06
27 18 52.01
27 19 156.42
27 20 105.50
27 21 144.03
27 22 53.34
27 23 91.07
27 24 103.62
27 25 19.88
27 26 120.18
27 27 0.00
27 28 31.16
27 29 46.18
27 30 30.72
27 31 50.49
27 32 108.79
27 33 113.55
27 34 59.98
27 35 143.24
27 36 163.63
27 37 79.92
27 38 155.34
27 39 142.89
27 40 9.69
27 41 97.31
27 42 149.20
27 43 150.25
27 44 25.55
27 45 61.26
27 46 157.08
27 47 90.54
27 48 35.10
27 49 83.31
28 0 67.99
28 1 41.18
28 2 27.96
28 3 72.70
28 4 106.02
28 5 141.59
28 6 81.70
28 7 120.32
28 8 60.20
28 9 69.61
28 10 119.62
28 11 92.82
28 12 29.01
28 13 110.76
28 14 92.45
28 15 81.53
28 16 104.26
28 17 151.91
28 18 43.06
28 19 125.26
28 20 74.34
28 21 112.87
28 22 29.63
28 23 71.98
28 24 72.46
28 25 35.42
28 26 89.02
28 27 31.16
28 28 0.00
28 29 61.73
28 30 9.86
28 31 55.39
28 32 77.63
28 33 82.40
28 34 73.46
28 35 112.08
28 36 132.48
28 37 50.64
28 38 124.19
28 39 111.74
28 40 21.47
28 41 66.16
28 42 118.04
28 43 119.09
28 44 37.96
28 45 30.10
28 46 125.92
28 47 59.38
28 48 23.90
28 49 52.15
29 0 76.31
29 1 20.55
29 2 33.77
29 3 114.46
29 4 97.60
29 5 133.18
29 6 53.21
29 7 111.90
29 8 36.64
29 9 9.37
29 10 111.21
29 11 84.40
29 12 39.72
29 13 102.35
29 14 65.25
29 15 118.65
29 16 95.85
29 17 143.49
29 18 18.67
29 19 116.84
29 20 70.96
29 21 104.46
29 22 32.10
29 23 133.70
29 24 64.05
29 25 26.31
29 26 80.61
29 27 46.18
29 28 61.73
29 29 0.00
29 30 51.87
29 31 10.92
29 32 69.21
29 33 91.34
29 34 20.41
29 35 103.66
29 36 124.06
29 37 40.35
29 38 115.77
29 39 103.32
29 40 43.48
29 41 110.72
29 42 109.62
29 43 110.67
29 44 23.76
29 45 36.13
29 46 117.51
29 47 75.78
29 48 37.82
29 49 71.98
30 0 68.43
30 1 31.32
30 2 22.86
30 3 73.14
30 4 106.45
30 5 142.03
30 6 71.84
30 7 120.75
30 8 50.34
30 9 59.75
30 10 120.06
30 11 93.25
30 12 29.45
30 13 111.20
30 14 82.59
30 15 81.97
30 16 104.70
30 17 152.34
30 18 33.20
30 19 125.69
30 20 74.78
30 21 113.31
30 22 22.62
30 23 81.84
30 24 72.90
30 25 25.56
30 26 89.46
30 27 30.72
30 28 9.86
30 29 51.87
30 30 0.00
30 31 45.53
30 32 78.06
30 33 82.83
30 34 63.60
30 35 112.52
30 36 132.91
30 37 49.20
30 38 124.62
30 39 112.17
30 40 21.03
30 41 66.59
30 42 118.47
30 43 119.53
30 44 28.10
30 45 30.54
30 46 126.36
30 47 59.82
30 48 14.04
30 49 52.59
31 0 69.97
31 1 14.21
31 2 27.44
31 3 108.13
31 4 86.68
31 5 122.26
31 6 42.29
31 7 100.98
31 8 25.73
31 9 14.21
31 10 100.29
31 11 76.76
31 12 33.38
31 13 91.43
31 14 54.33
31 15 112.32
31 16 84.93
31 17 132.57
31 18 12.34
31 19 105.93
31 20 64.63
31 21 93.54
31 22 25.77
31 23 127.37
31 24 53.47
31 25 30.99
31 26 69.89
31 27 50.49
31 28 55.39
31 29 10.92
31 30 45.53
31 31 0.00
31 32 58.30
31 33 85.01
31 34 18.06
31 35 92.75
31 36 113.14
31 37 29.43
31 38 104.85
31 39 92.40
31 40 40.80
31 41 104.39
31 42 98.70
31 43 99.76
31 44 24.94
31 45 29.80
31 46 106.59
31 47 69.45
31 48 31.49
31 49 65.65
32 0 45.29
32 1 60.95
32 2 55.21
32 3 83.45
32 4 28.39
32 5 63.97
32 6 50.99
32 7 42.69
32 8 32.57
32 9 59.85
32 10 42.00
32 11 52.08
32 12 48.61
32 13 33.13
32 14 61.74
32 15 87.64
32 16 26.63
32 17 74.28
32 18 56.77
32 19 47.63
32 20 39.95
32 21 35.24
32 22 55.44
32 23 102.69
32 24 28.79
32 25 89.29
32 26 45.20
32 27 108.79
32 28 77.63
32 29 69.21
32 30 78.06
32 31 58.30
32 32 0.00
32 33 60.32
32 34 48.80
32 35 34.45
32 36 54.85
32 37 28.86
32 38 46.56
32 39 34.11
32 40 99.10
32 41 79.71
32 42 40.41
32 43 41.78
32 44 83.23
32 45 47.53
32 46 48.29
32 47 44.76
32 48 73.69
32 49 40.96
33 0 15.03
33 1 70.79
33 2 59.97
33 3 23.12
33 4 82.58
33 5 59.20
33 6 111.31
33 7 37.92
33 8 89.81
33 9 99.22
33 10 60.50
33 11 10.42
33 12 53.38
33 13 43.15
33 14 122.06
33 15 27.31
33 16 38.26
33 17 69.51
33 18 72.67
33 19 68.44
33 20 20.38
33 21 49.60
33 22 60.21
33 23 42.37
33 24 31.54
33 25 94.05
33 26 15.12
33 27 113.55
33 28 82.40
33 29 91.34
33 30 82.83
33 31 85.01
33 32 60.32
33 33 0.00
33 34 103.07
33 35 58.84
33 36 50.08
33 37 80.25
33 38 48.82
33 39 41.52
33 40 103.86
33 41 19.39
33 42 67.09
33 43 36.69
33 44 88.00
33 45 55.21
33 46 43.53
33 47 23.02
33 48 78.46
33 49 30.24
34 0 88.04
34 1 32.28
34 2 45.50
34 3 126.19
34 4 77.19
34 5 112.77
34 6 32.80
34 7 91.49
34 8 16.23
34 9 11.04
34 10 90.80
34 11 94.83
34 12 51.45
34 13 81.94
34 14 44.84
34 15 130.38
34 16 75.44
34 17 123.08
34 18 30.40
34 19 96.43
34 20 82.69
34 21 84.05
34 22 43.83
34 23 145.43
34 24 71.53
34 25 40.48
34 26 87.95
34 27 59.98
34 28 73.46
34 29 20.41
34 30 63.60
34 31 18.06
34 32 48.80
34 33 103.07
34 34 0.00
34 35 83.26
34 36 103.65
34 37 22.82
34 38 95.36
34 39 82.91
34 40 55.21
34 41 122.45
34 42 89.21
34 43 90.27
34 44 35.49
34 45 47.86
34 46 97.10
34 47 87.51
34 48 49.56
34 49 83.71
35 0 44.09
35 1 95.41
35 2 89.66
35 3 81.96
35 4 23.74
35 5 32.19
35 6 52.47
35 7 30.58
35 8 67.02
35 9 94.30
35 10 7.54
35 11 50.60
35 12 83.07
35 13 15.68
35 14 63.22
35 15 86.15
35 16 20.58
35 17 39.83
35 18 91.22
35 19 13.18
35 20 38.46
35 21 9.24
35 22 89.89
35 23 101.20
35 24 39.62
35 25 123.74
35 26 43.72
35 27 143.24
35 28 112.08
35 29 103.66
35 30 112.52
35 31 92.75
35 32 34.45
35 33 58.84
35 34 83.26
35 35 0.00
35 36 20.40
35 37 63.31
35 38 12.11
35 39 17.32
35 40 133.55
35 41 78.22
35 42 8.25
35 43 40.29
35 44 117.69
35 45 81.98
35 46 42.34
35 47 52.70
35 48 108.14
35 49 59.93
36 0 64.48
36 1 115.80
36 2 110.05
36 3 70.87
36 4 34.83
36 5 21.10
36 6 70.85
36 7 19.50
36 8 87.42
36 9 114.69
36 10 12.85
36 11 39.66
36 12 103.46
36 13 21.71
36 14 74.31
36 15 75.06
36 16 28.21
36 17 19.43
36 18 111.62
36 19 20.69
36 20 58.13
36 21 19.60
36 22 110.29
36 23 90.12
36 24 60.01
36 25 144.13
36 26 43.45
36 27 163.63
36 28 132.48
36 29 124.06
36 30 132.91
36 31 113.14
36 32 54.85
36 33 50.08
36 34 103.65
36 35 20.40
36 36 0.00
36 37 83.71
36 38 8.29
36 39 20.74
36 40 153.94
36 41 67.13
36 42 19.34
36 43 29.20
36 44 138.08
36 45 102.37
36 46 31.25
36 47 73.09
36 48 128.54
36 49 80.32
37 0 65.22
37 1 32.09
37 2 26.34
37 3 103.37
37 4 57.25
37 5 92.83
37 6 31.06
37 7 71.55
37 8 9.56
37 9 30.98
37 10 70.86
37 11 72.01
37 12 28.63
37 13 62.00
37 14 41.81
37 15 107.56
37 16 55.50
37 17 103.14
37 18 27.91
37 19 76.49
37 20 59.87
37 21 64.11
37 22 26.58
37 23 122.61
37 24 48.71
37 25 60.42
37 26 65.13
37 27 79.92
37 28 50.64
37 29 40.35
37 30 49.20
37 31 29.43
37 32 28.86
37 33 80.25
37 34 22.82
37 35 63.31
37 36 83.71
37 37 0.00
37 38 75.42
37 39 62.97
37 40 70.23
37 41 99.63
37 42 69.27
37 43 70.32
37 44 54.37
37 45 25.04
37 46 77.16
37 47 64.69
37 48 44.83
37 49 60.89
38 0 56.19
38 1 107.51
38 2 101.76
38 3 71.95
38 4 33.75
38 5 22.17
38 6 62.56
38 7 20.57
38 8 79.13
38 9 106.40
38 10 11.68
38 11 40.58
38 12 95.17
38 13 13.42
38 14 73.23
38 15 76.14
38 16 19.92
38 17 27.72
38 18 103.33
38 19 19.62
38 20 49.84
38 21 11.31
38 22 102.00
38 23 91.19
38 24 51.72
38 25 135.84
38 26 35.16
38 27 155.34
38 28 124.19
38 29 115.77
38 30 124.62
38 31 104.85
38 32 46.56
38 33 48.82
38 34 95.36
38 35 12.11
38 36 8.29
38 37 75.42
38 38 0.00
38 39 12.45
38 40 145.65
38 41 68.21
38 42 18.26
38 43 30.28
38 44 129.79
38 45 94.08
38 46 32.33
38 47 64.81
38 48 120.25
38 49 72.03
39 0 43.74
39 1 95.06
39 2 89.31
39 3 64.64
39 4 41.06
39 5 29.86
39 6 69.80
39 7 13.26
39 8 66.68
39 9 93.95
39 10 18.98
39 11 33.27
39 12 82.72
39 13 1.64
39 14 80.54
39 15 68.83
39 16 7.47
39 17 40.17
39 18 90.88
39 19 26.92
39 20 37.39
39 21 8.08
39 22 89.55
39 23 83.88
39 24 39.27
39 25 123.39
39 26 26.40
39 27 142.89
39 28 111.74
39 29 103.32
39 30 112.17
39 31 92.40
39 32 34.11
39 33 41.52
39 34 82.91
39 35 17.32
39 36 20.74
39 37 62.97
39 38 12.45
39 39 0.00
39 40 133.20
39 41 60.90
39 42 25.57
39 43 22.97
39 44 117.34
39 45 81.63
39 46 25.02
39 47 52.36
39 48 107.80
39 49 59.58
40 0 89.46
40 1 38.14
40 2 43.89
40 3 94.17
40 4 127.48
40 5 163.06
40 6 83.09
40 7 141.79
40 8 66.53
40 9 51.36
40 10 141.09
40 11 114.29
40 12 50.48
40 13 132.23
40 14 95.13
40 15 103.00
40 16 125.73
40 17 173.37
40 18 42.32
40 19 146.73
40 20 95.81
40 21 134.34
40 22 43.65
40 23 90.22
40 24 93.93
40 25 17.18
40 26 110.49
40 27 9.69
40 28 21.47
40 29 43.48
40 30 21.03
40 31 40.80
40 32 99.10
40 33 103.86
40 34 55.21
40 35 133.55
40 36 153.94
40 37 70.23
40 38 145.65
40 39 133.20
40 40 0.00
40 41 87.62
40 42 139.50
40 43 140.56
40 44 19.72
40 45 51.57
40 46 147.39
40 47 80.85
40 48 25.40
40 49 73.62
41 0 34.42
41 1 90.18
41 2 76.95
41 3 6.55
41 4 101.96
41 5 75.44
41 6 130.70
41 7 54.16
41 8 109.20
41 9 118.60
41 10 79.89
41 11 27.63
41 12 71.01
41 13 62.54
41 14 141.44
41 15 15.38
41 16 57.64
41 17 85.75
41 18 92.05
41 19 87.83
41 20 39.76
41 21 68.98
41 22 78.62
41 23 22.98
41 24 50.92
41 25 84.42
41 26 34.50
41 27 97.31
41 28 66.16
41 29 110.72
41 30 66.59
41 31 104.39
41 32 79.71
41 33 19.39
41 34 122.45
41 35 78.22
41 36 67.13
41 37 99.63
41 38 68.21
41 39 60.90
41 40 87.62
41 41 0.00
41 42 86.47
41 43 52.93
41 44 86.96
41 45 74.59
41 46 59.77
41 47 34.94
41 48 72.90
41 49 38.74
42 0 52.06
42 1 101.36
42 2 95.62
42 3 90.21
42 4 15.49
42 5 40.44
42 6 56.41
42 7 38.83
42 8 72.98
42 9 100.26
42 10 6.59
42 11 58.85
42 12 89.02
42 13 23.93
42 14 54.97
42 15 94.40
42 16 28.83
42 17 33.87
42 18 97.18
42 19 7.22
42 20 46.71
42 21 17.49
42 22 95.85
42 23 109.45
42 24 45.57
42 25 129.69
42 26 51.97
42 27 149.20
42 28 118.04
42 29 109.62
42 30 118.47
42 31 98.70
42 32 40.41
42 33 67.09
42 34 89.21
42 35 8.25
42 36 19.34
42 37 69.27
42 38 18.26
42 39 25.57
42 40 139.50
42 41 86.47
42 42 0.00
42 43 48.54
42 44 123.64
42 45 87.94
42 46 50.59
42 47 58.66
42 48 114.10
42 49 65.88
43 0 51.10
43 1 102.42
43 2 96.67
43 3 46.39
43 4 64.03
43 5 22.50
43 6 92.77
43 7 9.71
43 8 74.03
43 9 101.31
43 10 41.95
43 11 26.27
43 12 90.08
43 13 24.61
43 14 103.51
43 15 45.86
43 16 19.71
43 17 36.08
43 18 98.23
43 19 49.89
43 20 44.75
43 21 31.05
43 22 96.90
43 23 60.91
43 24 46.63
43 25 130.75
43 26 30.07
43 27 150.25
43 28 119.09
43 29 110.67
43 30 119.53
43 31 99.76
43 32 41.78
43 33 36.69
43 34 90.27
43 35 40.29
43 36 29.20
43 37 70.32
43 38 30.28
43 39 22.97
43 40 140.56
43 41 52.93
43 42 48.54
43 43 0.00
43 44 124.70
43 45 88.99
43 46 6.83
43 47 59.71
43 48 115.15
43 49 66.94
44 0 73.60
44 1 22.28
44 2 28.03
44 3 90.70
44 4 111.62
44 5 147.20
44 6 67.23
44 7 125.92
44 8 50.66
44 9 31.64
44 10 125.23
44 11 98.42
44 12 34.62
44 13 116.37
44 14 79.27
44 15 94.89
44 16 109.87
44 17 157.51
44 18 26.46
44 19 130.86
44 20 79.95
44 21 118.48
44 22 27.79
44 23 109.94
44 24 78.07
44 25 6.05
44 26 94.63
44 27 25.55
44 28 37.96
44 29 23.76
44 30 28.10
44 31 24.94
44 32 83.23
44 33 88.00
44 34 35.49
44 35 117.69
44 36 138.08
44 37 54.37
44 38 129.79
44 39 117.34
44 40 19.72
44 41 86.96
44 42 123.64
44 43 124.70
44 44 0.00
44 45 35.71
44 46 131.53
44 47 64.99
44 48 14.06
44 49 57.76
45 0 40.18
45 1 15.59
45 2 7.68
45 3 78.33
45 4 75.91
45 5 111.49
45 6 56.11
45 7 90.22
45 8 34.61
45 9 44.01
45 10 89.52
45 11 62.72
45 12 3.59
45 13 80.66
45 14 66.85
45 15 82.52
45 16 74.16
45 17 121.80
45 18 17.46
45 19 95.16
45 20 44.24
45 21 82.77
45 22 7.92
45 23 97.57
45 24 42.36
45 25 41.76
45 26 58.92
45 27 61.26
45 28 30.10
45 29 36.13
45 30 30.54
45 31 29.80
45 32 47.53
45 33 55.21
45 34 47.86
45 35 81.98
45 36 102.37
45 37 25.04
45 38 94.08
45 39 81.63
45 40 51.57
45 41 74.59
45 42 87.94
45 43 88.99
45 44 35.71
45 45 0.00
45 46 95.82
45 47 39.65
45 48 26.17
45 49 35.85
46 0 57.93
46 1 109.25
46 2 103.50
46 3 53.22
46 4 66.08
46 5 15.67
46 6 94.81
46 7 11.76
46 8 80.86
46 9 108.14
46 10 44.00
46 11 33.11
46 12 96.91
46 13 26.66
46 14 105.56
46 15 44.39
46 16 21.76
46 17 38.13
46 18 105.07
46 19 51.94
46 20 51.58
46 21 33.10
46 22 103.74
46 23 66.01
46 24 53.46
46 25 137.58
46 26 36.90
46 27 157.08
46 28 125.92
46 29 117.51
46 30 126.36
46 31 106.59
46 32 48.29
46 33 43.53
46 34 97.10
46 35 42.34
46 36 31.25
46 37 77.16
46 38 32.33
46 39 25.02
46 40 147.39
46 41 59.77
46 42 50.59
46 43 6.83
46 44 131.53
46 45 95.82
46 46 0.00
46 47 66.54
46 48 121.99
46 49 73.77
47 0 8.61
47 1 55.23
47 2 42.01
47 3 38.68
47 4 67.02
47 5 82.21
47 6 95.75
47 7 60.94
47 8 74.25
47 9 83.66
47 10 60.24
47 11 33.44
47 12 36.06
47 13 51.38
47 14 106.50
47 15 42.87
47 16 44.88
47 17 92.53
47 18 57.11
47 19 65.88
47 20 14.96
47 21 53.49
47 22 43.68
47 23 57.93
47 24 15.98
47 25 71.04
47 26 29.64
47 27 90.54
47 28 59.38
47 29 75.78
47 30 59.82
47 31 69.45
47 32 44.76
47 33 23.02
47 34 87.51
47 35 52.70
47 36 73.09
47 37 64.69
47 38 64.81
47 39 52.36
47 40 80.85
47 41 34.94
47 42 58.66
47 43 59.71
47 44 64.99
47 45 39.65
47 46 66.54
47 47 0.00
47 48 55.44
47 49 7.23
48 0 64.06
48 1 17.28
48 2 18.48
48 3 76.64
48 4 102.08
48 5 137.66
48 6 57.80
48 7 116.38
48 8 41.12
48 9 45.70
48 10 115.69
48 11 88.88
48 12 25.08
48 13 106.83
48 14 69.73
48 15 80.83
48 16 100.33
48 17 147.97
48 18 19.15
48 19 121.32
48 20 70.41
48 21 108.94
48 22 18.25
48 23 95.88
48 24 68.53
48 25 15.59
48 26 85.09
48 27 35.10
48 28 23.90
48 29 37.82
48 30 14.04
48 31 31.49
48 32 73.69
48 33 78.46
48 34 49.56
48 35 108.14
48 36 128.54
48 37 44.83
48 38 120.25
48 39 107.80
48 40 25.40
48 41 72.90
48 42 114.10
48 43 115.15
48 44 14.06
48 45 26.17
48 46 121.99
48 47 55.44
48 48 0.00
48 49 48.22
49 0 15.84
49 1 51.43
49 2 38.21
49 3 42.48
49 4 63.22
49 5 89.44
49 6 91.95
49 7 68.16
49 8 70.45
49 9 79.86
49 10 67.47
49 11 40.66
49 12 32.26
49 13 58.61
49 14 102.70
49 15 46.67
49 16 52.11
49 17 99.75
49 18 53.31
49 19 73.10
49 20 22.19
49 21 60.72
49 22 39.88
49 23 61.72
49 24 20.31
49 25 63.81
49 26 36.87
49 27 83.31
49 28 52.15
49 29 71.98
49 30 52.59
49 31 65.65
49 32 40.96
49 33 30.24
49 34 83.71
49 35 59.93
49 36 80.32
49 37 60.89
49 38 72.03
49 39 59.58
49 40 73.62
49 41 38.74
49 42 65.88
49 43 66.94
49 44 57.76
49 45 35.85
49 46 73.77
49 47 7.23
49 48 48.22
49 49 0.00
