50 2
0 0 0.00
0 1 86.51
0 2 3.61
0 3 87.65
0 4 64.70
0 5 52.49
0 6 57.47
0 7 94.95
0 8 34.06
0 9 57.14
0 10 51.41
0 11 127.35
0 12 126.03
0 13 7.36
0 14 64.87
0 15 31.84
0 16 69.47
0 17 52.77
0 18 19.26
0 19 57.54
0 20 100.38
0 21 82.70
0 22 61.18
0 23 44.22
0 24 37.22
0 25 55.25
0 26 77.33
0 27 51.83
0 28 38.37
0 29 61.99
0 30 49.09
0 31 60.14
0 32 42.35
0 33 86.85
0 34 17.10
0 35 67.12
0 36 56.33
0 37 33.79
0 38 39.13
0 39 91.27
0 40 50.88
0 41 28.44
0 42 33.21
0 43 57.67
0 44 78.00
0 45 26.96
0 46 92.11
0 47 56.94
0 48 62.42
0 49 55.18
1 0 86.51
1 1 0.00
1 2 90.12
1 3 68.97
1 4 50.97
1 5 99.44
1 6 100.25
1 7 65.53
1 8 55.10
1 9 53.86
1 10 98.36
1 11 48.79
1 12 53.83
1 13 93.87
1 14 21.64
1 15 78.71
1 16 112.21
1 17 99.72
1 18 67.25
1 19 104.49
1 20 61.18
1 21 35.60
1 22 108.14
1 23 52.82
1 24 54.02
1 25 102.21
1 26 38.67
1 27 34.68
1 28 48.14
1 29 108.94
1 30 53.80
1 31 107.09
1 32 128.86
1 33 17.29
1 34 103.61
1 35 51.22
1 36 103.29
1 37 105.37
1 38 86.09
1 39 138.22
1 40 137.39
1 41 88.94
1 42 53.30
1 43 74.45
1 44 74.00
1 45 99.34
1 46 51.02
1 47 103.89
1 48 109.37
1 49 31.33
2 0 3.61
2 1 90.12
2 2 0.00
2 3 91.26
2 4 64.44
2 5 52.75
2 6 61.08
2 7 98.55
2 8 35.02
2 9 60.74
2 10 51.67
2 11 130.96
2 12 129.64
2 13 6.46
2 14 68.48
2 15 31.58
2 16 73.07
2 17 53.03
2 18 22.86
2 19 57.80
2 20 103.99
2 21 86.30
2 22 61.45
2 23 47.83
2 24 40.83
2 25 55.51
2 26 80.93
2 27 55.43
2 28 41.98
2 29 62.25
2 30 52.70
2 31 60.40
2 32 38.74
2 33 90.46
2 34 13.49
2 35 70.73
2 36 56.60
2 37 33.53
2 38 39.40
2 39 91.53
2 40 47.27
2 41 28.18
2 42 36.82
2 43 57.41
2 44 81.61
2 45 27.22
2 46 95.72
2 47 57.20
2 48 62.68
2 49 58.79
3 0 87.65
3 1 68.97
3 2 91.26
3 3 0.00
3 4 86.73
3 5 72.05
3 6 31.28
3 7 7.30
3 8 56.23
3 9 30.51
3 10 40.37
3 11 39.71
3 12 38.38
3 13 95.01
3 14 80.82
3 15 79.85
3 16 43.24
3 17 71.19
3 18 68.39
3 19 66.20
3 20 12.73
3 21 33.38
3 22 70.46
3 23 43.43
3 24 50.43
3 25 53.18
3 26 30.31
3 27 52.45
3 28 53.94
3 29 53.42
3 30 38.56
3 31 38.12
3 32 130.00
3 33 51.69
3 34 104.75
3 35 20.53
3 36 42.25
3 37 106.51
3 38 53.94
3 39 69.24
3 40 138.53
3 41 90.08
3 42 54.43
3 43 79.69
3 44 9.65
3 45 100.48
3 46 17.96
3 47 51.76
3 48 48.54
3 49 75.13
4 0 64.70
4 1 50.97
4 2 64.44
4 3 86.73
4 4 0.00
4 5 117.19
4 6 118.01
4 7 83.29
4 8 30.65
4 9 71.61
4 10 116.12
4 11 91.81
4 12 90.48
4 13 70.91
4 14 29.33
4 15 32.87
4 16 129.96
4 17 117.47
4 18 70.20
4 19 122.24
4 20 78.94
4 21 53.35
4 22 125.89
4 23 70.57
4 24 71.77
4 25 119.96
4 26 56.42
4 27 34.27
4 28 32.79
4 29 126.69
4 30 71.55
4 31 124.85
4 32 77.90
4 33 51.30
4 34 62.41
4 35 68.97
4 36 121.04
4 37 54.41
4 38 103.84
4 39 155.97
4 40 86.43
4 41 37.98
4 42 59.58
4 43 23.49
4 44 91.75
4 45 91.67
4 46 68.77
4 47 121.64
4 48 127.13
4 49 19.63
5 0 52.49
5 1 99.44
5 2 52.75
5 3 72.05
5 4 117.19
5 5 0.00
5 6 41.87
5 7 79.34
5 8 86.55
5 9 45.58
5 10 31.67
5 11 111.75
5 12 110.43
5 13 46.29
5 14 111.29
5 15 84.32
5 16 53.86
5 17 0.86
5 18 46.99
5 19 5.85
5 20 84.78
5 21 67.09
5 22 8.70
5 23 46.62
5 24 45.42
5 25 18.87
5 26 61.73
5 27 82.92
5 28 84.40
5 29 18.62
5 30 45.64
5 31 38.28
5 32 60.05
5 33 82.15
5 34 54.78
5 35 51.52
5 36 29.80
5 37 86.28
5 38 18.11
5 39 38.78
5 40 66.48
5 41 80.93
5 42 57.62
5 43 110.16
5 44 62.40
5 45 28.43
5 46 76.51
5 47 20.29
5 48 23.51
5 49 105.60
6 0 57.47
6 1 100.25
6 2 61.08
6 3 31.28
6 4 118.01
6 5 41.87
6 6 0.00
6 7 37.47
6 8 87.36
6 9 46.39
6 10 10.20
6 11 69.88
6 12 68.55
6 13 64.83
6 14 112.10
6 15 85.14
6 16 11.99
6 17 41.02
6 18 47.80
6 19 36.02
6 20 42.91
6 21 64.66
6 22 40.29
6 23 47.43
6 24 46.23
6 25 23.00
6 26 61.59
6 27 83.73
6 28 85.22
6 29 23.25
6 30 46.46
6 31 6.84
6 32 99.83
6 33 82.97
6 34 74.57
6 35 49.03
6 36 12.07
6 37 87.09
6 38 23.76
6 39 37.96
6 40 108.36
6 41 81.75
6 42 58.43
6 43 110.97
6 44 26.25
6 45 70.30
6 46 49.24
6 47 21.58
6 48 18.36
6 49 106.41
7 0 94.95
7 1 65.53
7 2 98.55
7 3 7.30
7 4 83.29
7 5 79.34
7 6 37.47
7 7 0.00
7 8 63.53
7 9 37.81
7 10 47.67
7 11 32.41
7 12 31.08
7 13 102.30
7 14 77.38
7 15 87.15
7 16 46.68
7 17 78.49
7 18 75.69
7 19 73.49
7 20 5.44
7 21 29.94
7 22 77.76
7 23 50.72
7 24 57.72
7 25 60.48
7 26 26.87
7 27 49.01
7 28 56.57
7 29 60.72
7 30 45.86
7 31 41.56
7 32 137.30
7 33 48.25
7 34 112.04
7 35 27.83
7 36 49.54
7 37 113.81
7 38 61.23
7 39 72.69
7 40 145.83
7 41 97.38
7 42 61.73
7 43 82.89
7 44 16.94
7 45 107.78
7 46 14.52
7 47 59.06
7 48 55.84
7 49 71.69
8 0 34.06
8 1 55.10
8 2 35.02
8 3 56.23
8 4 30.65
8 5 86.55
8 6 87.36
8 7 63.53
8 8 0.00
8 9 40.97
8 10 85.47
8 11 95.94
8 12 94.61
8 13 40.26
8 14 33.46
8 15 23.62
8 16 99.31
8 17 86.83
8 18 39.56
8 19 91.60
8 20 68.97
8 21 51.28
8 22 95.24
8 23 39.93
8 24 41.13
8 25 89.31
8 26 45.91
8 27 20.41
8 28 6.96
8 29 96.04
8 30 40.90
8 31 94.20
8 32 73.77
8 33 55.43
8 34 48.51
8 35 38.32
8 36 90.39
8 37 50.28
8 38 73.19
8 39 125.32
8 40 82.30
8 41 33.85
8 42 28.93
8 43 23.61
8 44 61.11
8 45 61.02
8 46 60.69
8 47 91.00
8 48 96.48
8 49 23.76
9 0 57.14
9 1 53.86
9 2 60.74
9 3 30.51
9 4 71.61
9 5 45.58
9 6 46.39
9 7 37.81
9 8 40.97
9 9 0.00
9 10 44.50
9 11 70.22
9 12 68.89
9 13 64.50
9 14 65.71
9 15 49.34
9 16 58.35
9 17 45.86
9 18 37.88
9 19 50.63
9 20 43.25
9 21 25.56
9 22 54.28
9 23 12.91
9 24 19.91
9 25 48.34
9 26 20.19
9 27 37.34
9 28 38.83
9 29 55.08
9 30 8.05
9 31 53.23
9 32 99.49
9 33 36.57
9 34 74.23
9 35 9.98
9 36 49.43
9 37 76.00
9 38 32.23
9 39 84.36
9 40 108.02
9 41 59.57
9 42 23.92
9 43 64.58
9 44 20.87
9 45 69.97
9 46 34.97
9 47 50.03
9 48 55.51
9 49 60.02
10 0 51.41
10 1 98.36
10 2 51.67
10 3 40.37
10 4 116.12
10 5 31.67
10 6 10.20
10 7 47.67
10 8 85.47
10 9 44.50
10 10 0.00
10 11 80.08
10 12 78.75
10 13 54.63
10 14 110.21
10 15 83.25
10 16 22.19
10 17 30.82
10 18 45.91
10 19 25.82
10 20 53.11
10 21 62.77
10 22 30.09
10 23 45.54
10 24 44.34
10 25 12.80
10 26 59.70
10 27 81.84
10 28 83.33
10 29 13.05
10 30 44.57
10 31 8.73
10 32 89.63
10 33 81.08
10 34 64.37
10 35 47.15
10 36 4.92
10 37 85.20
10 38 13.56
10 39 39.85
10 40 98.16
10 41 79.86
10 42 56.54
10 43 109.08
10 44 30.73
10 45 60.11
10 46 47.35
10 47 11.39
10 48 11.01
10 49 104.52
11 0 127.35
11 1 48.79
11 2 130.96
11 3 39.71
11 4 91.81
11 5 111.75
11 6 69.88
11 7 32.41
11 8 95.94
11 9 70.22
11 10 80.08
11 11 0.00
11 12 5.05
11 13 134.71
11 14 62.48
11 15 119.56
11 16 63.42
11 17 110.90
11 18 108.10
11 19 105.90
11 20 26.97
11 21 44.66
11 22 110.17
11 23 83.13
11 24 90.13
11 25 92.88
11 26 50.03
11 27 75.53
11 28 88.98
11 29 93.13
11 30 78.27
11 31 73.48
11 32 169.71
11 33 40.51
11 34 144.45
11 35 60.24
11 36 81.95
11 37 146.22
11 38 93.64
11 39 89.43
11 40 178.24
11 41 129.78
11 42 94.14
11 43 115.30
11 44 49.35
11 45 140.18
11 46 35.25
11 47 91.47
11 48 88.25
11 49 72.18
12 0 126.03
12 1 53.83
12 2 129.64
12 3 38.38
12 4 90.48
12 5 110.43
12 6 68.55
12 7 31.08
12 8 94.61
12 9 68.89
12 10 78.75
12 11 5.05
12 12 0.00
12 13 133.39
12 14 65.68
12 15 118.23
12 16 58.38
12 17 109.57
12 18 106.77
12 19 104.57
12 20 25.64
12 21 43.33
12 22 108.84
12 23 81.80
12 24 88.80
12 25 91.56
12 26 48.70
12 27 74.20
12 28 87.65
12 29 91.80
12 30 76.94
12 31 72.15
12 32 168.38
12 33 39.18
12 34 143.13
12 35 58.91
12 36 80.62
12 37 144.89
12 38 92.31
12 39 86.99
12 40 176.91
12 41 128.46
12 42 92.81
12 43 113.97
12 44 48.02
12 45 138.86
12 46 33.92
12 47 90.14
12 48 86.92
12 49 70.85
13 0 7.36
13 1 93.87
13 2 6.46
13 3 95.01
13 4 70.91
13 5 46.29
13 6 64.83
13 7 102.30
13 8 40.26
13 9 64.50
13 10 54.63
13 11 134.71
13 12 133.39
13 13 0.00
13 14 72.23
13 15 38.04
13 16 76.83
13 17 46.57
13 18 26.62
13 19 51.34
13 20 107.74
13 21 90.06
13 22 54.98
13 23 51.58
13 24 44.58
13 25 49.05
13 26 84.69
13 27 59.19
13 28 45.73
13 29 55.79
13 30 56.45
13 31 61.24
13 32 34.99
13 33 94.21
13 34 9.74
13 35 74.48
13 36 52.76
13 37 39.99
13 38 41.07
13 39 85.06
13 40 43.52
13 41 34.64
13 42 40.57
13 43 63.87
13 44 85.36
13 45 20.76
13 46 99.47
13 47 50.74
13 48 56.22
13 49 62.54
14 0 64.87
14 1 21.64
14 2 68.48
14 3 80.82
14 4 29.33
14 5 111.29
14 6 112.10
14 7 77.38
14 8 33.46
14 9 65.71
14 10 110.21
14 11 62.48
14 12 65.68
14 13 72.23
14 14 0.00
14 15 57.08
14 16 124.06
14 17 111.57
14 18 64.30
14 19 116.34
14 20 73.03
14 21 47.44
14 22 119.98
14 23 64.67
14 24 65.87
14 25 114.05
14 26 50.51
14 27 28.37
14 28 26.88
14 29 120.79
14 30 65.64
14 31 118.94
14 32 107.22
14 33 29.13
14 34 81.97
14 35 63.07
14 36 115.13
14 37 83.73
14 38 97.93
14 39 150.06
14 40 115.75
14 41 67.30
14 42 53.67
14 43 52.81
14 44 85.85
14 45 85.76
14 46 62.86
14 47 115.74
14 48 121.22
14 49 9.69
15 0 31.84
15 1 78.71
15 2 31.58
15 3 79.85
15 4 32.87
15 5 84.32
15 6 85.14
15 7 87.15
15 8 23.62
15 9 49.34
15 10 83.25
15 11 119.56
15 12 118.23
15 13 38.04
15 14 57.08
15 15 0.00
15 16 97.09
15 17 84.61
15 18 37.34
15 19 89.38
15 20 92.59
15 21 74.90
15 22 93.02
15 23 37.71
15 24 38.90
15 25 87.09
15 26 69.53
15 27 44.03
15 28 30.58
15 29 93.82
15 30 41.29
15 31 91.98
15 32 50.15
15 33 79.05
15 34 29.54
15 35 59.32
15 36 88.17
15 37 26.66
15 38 70.97
15 39 123.10
15 40 58.68
15 41 10.23
15 42 26.71
15 43 25.83
15 44 70.21
15 45 58.80
15 46 84.31
15 47 88.78
15 48 94.26
15 49 47.38
16 0 69.47
16 1 112.21
16 2 73.07
16 3 43.24
16 4 129.96
16 5 53.86
16 6 11.99
16 7 46.68
16 8 99.31
16 9 58.35
16 10 22.19
16 11 63.42
16 12 58.38
16 13 76.83
16 14 124.06
16 15 97.09
16 16 0.00
16 17 53.01
16 18 59.76
16 19 48.01
16 20 51.03
16 21 76.61
16 22 52.28
16 23 59.39
16 24 58.19
16 25 35.00
16 26 73.54
16 27 95.69
16 28 97.17
16 29 35.24
16 30 58.41
16 31 15.59
16 32 111.82
16 33 94.92
16 34 86.57
16 35 60.99
16 36 24.06
16 37 99.05
16 38 35.75
16 39 30.43
16 40 120.35
16 41 93.70
16 42 70.39
16 43 122.93
16 44 38.21
16 45 82.30
16 46 61.19
16 47 33.58
16 48 30.36
16 49 118.37
17 0 52.77
17 1 99.72
17 2 53.03
17 3 71.19
17 4 117.47
17 5 0.86
17 6 41.02
17 7 78.49
17 8 86.83
17 9 45.86
17 10 30.82
17 11 110.90
17 12 109.57
17 13 46.57
17 14 111.57
17 15 84.61
17 16 53.01
17 17 0.00
17 18 47.27
17 19 5.00
17 20 83.92
17 21 66.24
17 22 8.42
17 23 46.90
17 24 45.70
17 25 18.01
17 26 61.05
17 27 83.20
17 28 84.69
17 29 17.77
17 30 45.92
17 31 37.42
17 32 60.33
17 33 82.43
17 34 55.06
17 35 50.66
17 36 28.95
17 37 86.56
17 38 17.26
17 39 38.50
17 40 67.34
17 41 81.21
17 42 57.90
17 43 110.44
17 44 61.55
17 45 29.29
17 46 75.65
17 47 19.43
17 48 22.65
17 49 105.88
18 0 19.26
18 1 67.25
18 2 22.86
18 3 68.39
18 4 70.20
18 5 46.99
18 6 47.80
18 7 75.69
18 8 39.56
18 9 37.88
18 10 45.91
18 11 108.10
18 12 106.77
18 13 26.62
18 14 64.30
18 15 37.34
18 16 59.76
18 17 47.27
18 18 0.00
18 19 52.04
18 20 81.13
18 21 63.44
18 22 55.69
18 23 24.97
18 24 17.97
18 25 49.75
18 26 58.07
18 27 35.93
18 28 37.42
18 29 56.49
18 30 29.83
18 31 54.64
18 32 61.61
18 33 67.59
18 34 36.36
18 35 47.86
18 36 50.84
18 37 39.29
18 38 33.64
18 39 85.77
18 40 70.14
18 41 33.94
18 42 13.96
18 43 63.17
18 44 58.75
18 45 32.09
18 46 72.85
18 47 51.44
18 48 56.92
18 49 58.61
19 0 57.54
19 1 104.49
19 2 57.80
19 3 66.20
19 4 122.24
19 5 5.85
19 6 36.02
19 7 73.49
19 8 91.60
19 9 50.63
19 10 25.82
19 11 105.90
19 12 104.57
19 13 51.34
19 14 116.34
19 15 89.38
19 16 48.01
19 17 5.00
19 18 52.04
19 19 0.00
19 20 78.93
19 21 68.90
19 22 4.27
19 23 51.67
19 24 50.47
19 25 13.02
19 26 65.82
19 27 87.97
19 28 89.46
19 29 12.77
19 30 50.70
19 31 32.42
19 32 65.10
19 33 87.20
19 34 59.83
19 35 53.27
19 36 23.95
19 37 91.33
19 38 18.40
19 39 33.73
19 40 72.34
19 41 85.98
19 42 62.67
19 43 115.21
19 44 56.55
19 45 34.28
19 46 70.66
19 47 14.43
19 48 17.66
19 49 110.65
20 0 100.38
20 1 61.18
20 2 103.99
20 3 12.73
20 4 78.94
20 5 84.78
20 6 42.91
20 7 5.44
20 8 68.97
20 9 43.25
20 10 53.11
20 11 26.97
20 12 25.64
20 13 107.74
20 14 73.03
20 15 92.59
20 16 51.03
20 17 83.92
20 18 81.13
20 19 78.93
20 20 0.00
20 21 25.59
20 22 83.20
20 23 56.16
20 24 63.16
20 25 65.91
20 26 23.06
20 27 48.56
20 28 62.01
20 29 66.16
20 30 51.29
20 31 46.50
20 32 142.73
20 33 43.90
20 34 117.48
20 35 33.26
20 36 54.98
20 37 119.24
20 38 66.67
20 39 77.04
20 40 151.26
20 41 102.81
20 42 67.17
20 43 88.32
20 44 22.38
20 45 113.21
20 46 10.17
20 47 64.49
20 48 61.27
20 49 67.34
21 0 82.70
21 1 35.60
21 2 86.30
21 3 33.38
21 4 53.35
21 5 67.09
21 6 64.66
21 7 29.94
21 8 51.28
21 9 25.56
21 10 62.77
21 11 44.66
21 12 43.33
21 13 90.06
21 14 47.44
21 15 74.90
21 16 76.61
21 17 66.24
21 18 63.44
21 19 68.90
21 20 25.59
21 21 0.00
21 22 72.54
21 23 38.47
21 24 45.47
21 25 66.61
21 26 5.37
21 27 30.87
21 28 44.32
21 29 73.34
21 30 33.61
21 31 71.50
21 32 125.05
21 33 18.31
21 34 99.79
21 35 15.62
21 36 67.69
21 37 101.56
21 38 50.49
21 39 102.62
21 40 133.58
21 41 85.13
21 42 49.48
21 43 70.64
21 44 38.41
21 45 95.53
21 46 15.42
21 47 68.30
21 48 73.78
21 49 41.75
22 0 61.18
22 1 108.14
22 2 61.45
22 3 70.46
22 4 125.89
22 5 8.70
22 6 40.29
22 7 77.76
22 8 95.24
22 9 54.28
22 10 30.09
22 11 110.17
22 12 108.84
22 13 54.98
22 14 119.98
22 15 93.02
22 16 52.28
22 17 8.42
22 18 55.69
22 19 4.27
22 20 83.20
22 21 72.54
22 22 0.00
22 23 55.31
22 24 54.12
22 25 17.29
22 26 69.47
22 27 91.62
22 28 93.10
22 29 17.04
22 30 54.34
22 31 36.69
22 32 68.75
22 33 90.85
22 34 63.48
22 35 56.92
22 36 28.22
22 37 94.97
22 38 22.05
22 39 30.08
22 40 69.86
22 41 89.63
22 42 66.31
22 43 118.85
22 44 60.82
22 45 34.22
22 46 74.92
22 47 18.70
22 48 21.93
22 49 114.29
23 0 44.22
23 1 52.82
23 2 47.83
23 3 43.43
23 4 70.57
23 5 46.62
23 6 47.43
23 7 50.72
23 8 39.93
23 9 12.91
23 10 45.54
23 11 83.13
23 12 81.80
23 13 51.58
23 14 64.67
23 15 37.71
23 16 59.39
23 17 46.90
23 18 24.97
23 19 51.67
23 20 56.16
23 21 38.47
23 22 55.31
23 23 0.00
23 24 7.00
23 25 49.38
23 26 33.10
23 27 36.30
23 28 37.79
23 29 56.12
23 30 4.87
23 31 54.27
23 32 86.58
23 33 42.63
23 34 61.32
23 35 22.89
23 36 50.46
23 37 63.08
23 38 33.26
23 39 85.40
23 40 95.11
23 41 46.65
23 42 11.01
23 43 63.54
23 44 33.78
23 45 57.05
23 46 47.89
23 47 51.07
23 48 56.55
23 49 58.98
24 0 37.22
24 1 54.02
24 2 40.83
24 3 50.43
24 4 71.77
24 5 45.42
24 6 46.23
24 7 57.72
24 8 41.13
24 9 19.91
24 10 44.34
24 11 90.13
24 12 88.80
24 13 44.58
24 14 65.87
24 15 38.90
24 16 58.19
24 17 45.70
24 18 17.97
24 19 50.47
24 20 63.16
24 21 45.47
24 22 54.12
24 23 7.00
24 24 0.00
24 25 48.19
24 26 40.10
24 27 37.50
24 28 38.98
24 29 54.92
24 30 11.87
24 31 53.07
24 32 79.57
24 33 49.63
24 34 54.32
24 35 29.90
24 36 49.27
24 37 56.08
24 38 32.07
24 39 84.20
24 40 88.10
24 41 39.65
24 42 12.20
24 43 64.74
24 44 40.78
24 45 50.05
24 46 54.89
24 47 49.87
24 48 55.35
24 49 60.18
25 0 55.25
25 1 102.21
25 2 55.51
25 3 53.18
25 4 119.96
25 5 18.87
25 6 23.00
25 7 60.48
25 8 89.31
25 9 48.34
25 10 12.80
25 11 92.88
25 12 91.56
25 13 49.05
25 14 114.05
25 15 87.09
25 16 35.00
25 17 18.01
25 18 49.75
25 19 13.02
25 20 65.91
25 21 66.61
25 22 17.29
25 23 49.38
25 24 48.19
25 25 0.00
25 26 63.54
25 27 85.69
25 28 87.17
25 29 6.73
25 30 48.41
25 31 19.41
25 32 76.82
25 33 84.92
25 34 57.55
25 35 50.99
25 36 10.93
25 37 89.04
25 38 16.12
25 39 36.01
25 40 85.35
25 41 83.70
25 42 60.38
25 43 112.92
25 44 43.53
25 45 47.30
25 46 57.64
25 47 1.68
25 48 7.17
25 49 108.36
26 0 77.33
26 1 38.67
26 2 80.93
26 3 30.31
26 4 56.42
26 5 61.73
26 6 61.59
26 7 26.87
26 8 45.91
26 9 20.19
26 10 59.70
26 11 50.03
26 12 48.70
26 13 84.69
26 14 50.51
26 15 69.53
26 16 73.54
26 17 61.05
26 18 58.07
26 19 65.82
26 20 23.06
26 21 5.37
26 22 69.47
26 23 33.10
26 24 40.10
26 25 63.54
26 26 0.00
26 27 25.50
26 28 38.95
26 29 70.27
26 30 28.24
26 31 68.43
26 32 119.68
26 33 21.38
26 34 94.43
26 35 12.55
26 36 64.62
26 37 96.19
26 38 47.42
26 39 99.55
26 40 128.21
26 41 79.76
26 42 44.11
26 43 65.27
26 44 35.33
26 45 90.16
26 46 14.78
26 47 65.22
26 48 70.71
26 49 44.82
27 0 51.83
27 1 34.68
27 2 55.43
27 3 52.45
27 4 34.27
27 5 82.92
27 6 83.73
27 7 49.01
27 8 20.41
27 9 37.34
27 10 81.84
27 11 75.53
27 12 74.20
27 13 59.19
27 14 28.37
27 15 44.03
27 16 95.69
27 17 83.20
27 18 35.93
27 19 87.97
27 20 48.56
27 21 30.87
27 22 91.62
27 23 36.30
27 24 37.50
27 25 85.69
27 26 25.50
27 27 0.00
27 28 13.45
27 29 92.42
27 30 37.28
27 31 90.57
27 32 94.18
27 33 35.02
27 34 68.92
27 35 34.70
27 36 86.77
27 37 70.69
27 38 69.57
27 39 121.70
27 40 102.71
27 41 54.26
27 42 25.30
27 43 39.77
27 44 57.48
27 45 64.66
27 46 40.28
27 47 87.37
27 48 92.85
27 49 22.68
28 0 38.37
28 1 48.14
28 2 41.98
28 3 53.94
28 4 32.79
28 5 84.40
28 6 85.22
28 7 56.57
28 8 6.96
28 9 38.83
28 10 83.33
28 11 88.98
28 12 87.65
28 13 45.73
28 14 26.88
28 15 30.58
28 16 97.17
28 17 84.69
28 18 37.42
28 19 89.46
28 20 62.01
28 21 44.32
28 22 93.10
28 23 37.79
28 24 38.98
28 25 87.17
28 26 38.95
28 27 13.45
28 28 0.00
28 29 93.90
28 30 38.76
28 31 92.06
28 32 80.73
28 33 48.47
28 34 55.47
28 35 36.18
28 36 88.25
28 37 57.24
28 38 71.05
28 39 123.18
28 40 89.26
28 41 40.80
28 42 26.79
28 43 26.32
28 44 58.97
28 45 58.88
28 46 53.73
28 47 88.86
28 48 94.34
28 49 21.19
29 0 61.99
29 1 108.94
29 2 62.25
29 3 53.42
29 4 126.69
29 5 18.62
29 6 23.25
29 7 60.72
29 8 96.04
29 9 55.08
29 10 13.05
29 11 93.13
29 12 91.80
29 13 55.79
29 14 120.79
29 15 93.82
29 16 35.24
29 17 17.77
29 18 56.49
29 19 12.77
29 20 66.16
29 21 73.34
29 22 17.04
29 23 56.12
29 24 54.92
29 25 6.73
29 26 70.27
29 27 92.42
29 28 93.90
29 29 0.00
29 30 55.14
29 31 19.65
29 32 76.58
29 33 91.65
29 34 64.28
29 35 57.72
29 36 11.18
29 37 95.78
29 38 22.85
29 39 29.28
29 40 85.11
29 41 90.43
29 42 67.12
29 43 119.65
29 44 43.78
29 45 47.06
29 46 57.92
29 47 5.05
29 48 4.88
29 49 115.10
30 0 49.09
30 1 53.80
30 2 52.70
30 3 38.56
30 4 71.55
30 5 45.64
30 6 46.46
30 7 45.86
30 8 40.90
30 9 8.05
30 10 44.57
30 11 78.27
30 12 76.94
30 13 56.45
30 14 65.64
30 15 41.29
30 16 58.41
30 17 45.92
30 18 29.83
30 19 50.70
30 20 51.29
30 21 33.61
30 22 54.34
30 23 4.87
30 24 11.87
30 25 48.41
30 26 28.24
30 27 37.28
30 28 38.76
30 29 55.14
30 30 0.00
30 31 53.30
30 32 91.44
30 33 37.76
30 34 66.19
30 35 18.03
30 36 49.49
30 37 67.95
30 38 32.29
30 39 84.42
30 40 99.97
30 41 51.52
30 42 15.87
30 43 64.51
30 44 28.91
30 45 61.92
30 46 43.02
30 47 50.09
30 48 55.58
30 49 59.95
31 0 60.14
31 1 107.09
31 2 60.40
31 3 38.12
31 4 124.85
31 5 38.28
31 6 6.84
31 7 41.56
31 8 94.20
31 9 53.23
31 10 8.73
31 11 73.48
31 12 72.15
31 13 61.24
31 14 118.94
31 15 91.98
31 16 15.59
31 17 37.42
31 18 54.64
31 19 32.42
31 20 46.50
31 21 71.50
31 22 36.69
31 23 54.27
31 24 53.07
31 25 19.41
31 26 68.43
31 27 90.57
31 28 92.06
31 29 19.65
31 30 53.30
31 31 0.00
31 32 96.23
31 33 89.81
31 34 70.98
31 35 55.88
31 36 8.47
31 37 93.93
31 38 21.01
31 39 31.12
31 40 104.76
31 41 88.59
31 42 65.27
31 43 117.81
31 44 33.09
31 45 66.71
31 46 56.08
31 47 17.99
31 48 14.77
31 49 113.25
32 0 42.35
32 1 128.86
32 2 38.74
32 3 130.00
32 4 77.90
32 5 60.05
32 6 99.83
32 7 137.30
32 8 73.77
32 9 99.49
32 10 89.63
32 11 169.71
32 12 168.38
32 13 34.99
32 14 107.22
32 15 50.15
32 16 111.82
32 17 60.33
32 18 61.61
32 19 65.10
32 20 142.73
32 21 125.05
32 22 68.75
32 23 86.58
32 24 79.57
32 25 76.82
32 26 119.68
32 27 94.18
32 28 80.73
32 29 76.58
32 30 91.44
32 31 96.23
32 32 0.00
32 33 129.20
32 34 25.25
32 35 109.47
32 36 87.76
32 37 26.23
32 38 76.07
32 39 98.83
32 40 8.53
32 41 39.92
32 42 75.57
32 43 54.41
32 44 120.36
32 45 34.52
32 46 134.46
32 47 78.24
32 48 81.46
32 49 97.53
33 0 86.85
33 1 17.29
33 2 90.46
33 3 51.69
33 4 51.30
33 5 82.15
33 6 82.97
33 7 48.25
33 8 55.43
33 9 36.57
33 10 81.08
33 11 40.51
33 12 39.18
33 13 94.21
33 14 29.13
33 15 79.05
33 16 94.92
33 17 82.43
33 18 67.59
33 19 87.20
33 20 43.90
33 21 18.31
33 22 90.85
33 23 42.63
33 24 49.63
33 25 84.92
33 26 21.38
33 27 35.02
33 28 48.47
33 29 91.65
33 30 37.76
33 31 89.81
33 32 129.20
33 33 0.00
33 34 103.95
33 35 33.93
33 36 86.00
33 37 105.71
33 38 68.80
33 39 120.93
33 40 137.73
33 41 89.28
33 42 53.63
33 43 74.79
33 44 56.71
33 45 99.68
33 46 33.73
33 47 86.60
33 48 92.09
33 49 31.67
34 0 17.10
34 1 103.61
34 2 13.49
34 3 104.75
34 4 62.41
34 5 54.78
34 6 74.57
34 7 112.04
34 8 48.51
34 9 74.23
34 10 64.37
34 11 144.45
34 12 143.13
34 13 9.74
34 14 81.97
34 15 29.54
34 16 86.57
34 17 55.06
34 18 36.36
34 19 59.83
34 20 117.48
34 21 99.79
34 22 63.48
34 23 61.32
34 24 54.32
34 25 57.55
34 26 94.43
34 27 68.92
34 28 55.47
34 29 64.28
34 30 66.19
34 31 70.98
34 32 25.25
34 33 103.95
34 34 0.00
34 35 84.22
34 36 62.50
34 37 31.50
34 38 50.81
34 39 93.56
34 40 33.78
34 41 26.15
34 42 50.31
34 43 55.38
34 44 95.10
34 45 29.26
34 46 109.21
34 47 59.23
34 48 64.71
34 49 72.28
35 0 67.12
35 1 51.22
35 2 70.73
35 3 20.53
35 4 68.97
35 5 51.52
35 6 49.03
35 7 27.83
35 8 38.32
35 9 9.98
35 10 47.15
35 11 60.24
35 12 58.91
35 13 74.48
35 14 63.07
35 15 59.32
35 16 60.99
35 17 50.66
35 18 47.86
35 19 53.27
35 20 33.26
35 21 15.62
35 22 56.92
35 23 22.89
35 24 29.90
35 25 50.99
35 26 12.55
35 27 34.70
35 28 36.18
35 29 57.72
35 30 18.03
35 31 55.88
35 32 109.47
35 33 33.93
35 34 84.22
35 35 0.00
35 36 52.07
35 37 85.98
35 38 34.87
35 39 87.00
35 40 118.00
35 41 69.55
35 42 33.90
35 43 61.93
35 44 22.78
35 45 79.95
35 46 24.99
35 47 52.67
35 48 58.15
35 49 57.38
36 0 56.33
36 1 103.29
36 2 56.60
36 3 42.25
36 4 121.04
36 5 29.80
36 6 12.07
36 7 49.54
36 8 90.39
36 9 49.43
36 10 4.92
36 11 81.95
36 12 80.62
36 13 52.76
36 14 115.13
36 15 88.17
36 16 24.06
36 17 28.95
36 18 50.84
36 19 23.95
36 20 54.98
36 21 67.69
36 22 28.22
36 23 50.46
36 24 49.27
36 25 10.93
36 26 64.62
36 27 86.77
36 28 88.25
36 29 11.18
36 30 49.49
36 31 8.47
36 32 87.76
36 33 86.00
36 34 62.50
36 35 52.07
36 36 0.00
36 37 90.12
36 38 17.20
36 39 34.93
36 40 96.29
36 41 84.78
36 42 61.46
36 43 114.00
36 44 32.60
36 45 58.23
36 46 52.27
36 47 9.51
36 48 6.29
36 49 109.44
37 0 33.79
37 1 105.37
37 2 33.53
37 3 106.51
37 4 54.41
37 5 86.28
37 6 87.09
37 7 113.81
37 8 50.28
37 9 76.00
37 10 85.20
37 11 146.22
37 12 144.89
37 13 39.99
37 14 83.73
37 15 26.66
37 16 99.05
37 17 86.56
37 18 39.29
37 19 91.33
37 20 119.24
37 21 101.56
37 22 94.97
37 23 63.08
37 24 56.08
37 25 89.04
37 26 96.19
37 27 70.69
37 28 57.24
37 29 95.78
37 30 67.95
37 31 93.93
37 32 26.23
37 33 105.71
37 34 31.50
37 35 85.98
37 36 90.12
37 37 0.00
37 38 72.92
37 39 125.06
37 40 32.02
37 41 16.43
37 42 52.08
37 43 30.92
37 44 96.87
37 45 60.75
37 46 110.97
37 47 90.73
37 48 96.21
37 49 74.04
38 0 39.13
38 1 86.09
38 2 39.40
38 3 53.94
38 4 103.84
38 5 18.11
38 6 23.76
38 7 61.23
38 8 73.19
38 9 32.23
38 10 13.56
38 11 93.64
38 12 92.31
38 13 41.07
38 14 97.93
38 15 70.97
38 16 35.75
38 17 17.26
38 18 33.64
38 19 18.40
38 20 66.67
38 21 50.49
38 22 22.05
38 23 33.26
38 24 32.07
38 25 16.12
38 26 47.42
38 27 69.57
38 28 71.05
38 29 22.85
38 30 32.29
38 31 21.01
38 32 76.07
38 33 68.80
38 34 50.81
38 35 34.87
38 36 17.20
38 37 72.92
38 38 0.00
38 39 52.13
38 40 84.60
38 41 67.58
38 42 44.26
38 43 96.80
38 44 44.29
38 45 46.54
38 46 58.40
38 47 17.80
38 48 23.29
38 49 92.24
39 0 91.27
39 1 138.22
39 2 91.53
39 3 69.24
39 4 155.97
39 5 38.78
39 6 37.96
39 7 72.69
39 8 125.32
39 9 84.36
39 10 39.85
39 11 89.43
39 12 86.99
39 13 85.06
39 14 150.06
39 15 123.10
39 16 30.43
39 17 38.50
39 18 85.77
39 19 33.73
39 20 77.04
39 21 102.62
39 22 30.08
39 23 85.40
39 24 84.20
39 25 36.01
39 26 99.55
39 27 121.70
39 28 123.18
39 29 29.28
39 30 84.42
39 31 31.12
39 32 98.83
39 33 120.93
39 34 93.56
39 35 87.00
39 36 34.93
39 37 125.06
39 38 52.13
39 39 0.00
39 40 99.94
39 41 119.71
39 42 96.39
39 43 148.93
39 44 64.22
39 45 64.30
39 46 87.20
39 47 34.33
39 48 28.84
39 49 144.38
40 0 50.88
40 1 137.39
40 2 47.27
40 3 138.53
40 4 86.43
40 5 66.48
40 6 108.36
40 7 145.83
40 8 82.30
40 9 108.02
40 10 98.16
40 11 178.24
40 12 176.91
40 13 43.52
40 14 115.75
40 15 58.68
40 16 120.35
40 17 67.34
40 18 70.14
40 19 72.34
40 20 151.26
40 21 133.58
40 22 69.86
40 23 95.11
40 24 88.10
40 25 85.35
40 26 128.21
40 27 102.71
40 28 89.26
40 29 85.11
40 30 99.97
40 31 104.76
40 32 8.53
40 33 137.73
40 34 33.78
40 35 118.00
40 36 96.29
40 37 32.02
40 38 84.60
40 39 99.94
40 40 0.00
40 41 48.45
40 42 84.10
40 43 62.94
40 44 128.89
40 45 38.05
40 46 142.99
40 47 86.77
40 48 89.99
40 49 106.06
41 0 28.44
41 1 88.94
41 2 28.18
41 3 90.08
41 4 37.98
41 5 80.93
41 6 81.75
41 7 97.38
41 8 33.85
41 9 59.57
41 10 79.86
41 11 129.78
41 12 128.46
41 13 34.64
41 14 67.30
41 15 10.23
41 16 93.70
41 17 81.21
41 18 33.94
41 19 85.98
41 20 102.81
41 21 85.13
41 22 89.63
41 23 46.65
41 24 39.65
41 25 83.70
41 26 79.76
41 27 54.26
41 28 40.80
41 29 90.43
41 30 51.52
41 31 88.59
41 32 39.92
41 33 89.28
41 34 26.15
41 35 69.55
41 36 84.78
41 37 16.43
41 38 67.58
41 39 119.71
41 40 48.45
41 41 0.00
41 42 35.65
41 43 29.22
41 44 80.43
41 45 55.41
41 46 94.54
41 47 85.38
41 48 90.87
41 49 57.61
42 0 33.21
42 1 53.30
42 2 36.82
42 3 54.43
42 4 59.58
42 5 57.62
42 6 58.43
42 7 61.73
42 8 28.93
42 9 23.92
42 10 56.54
42 11 94.14
42 12 92.81
42 13 40.57
42 14 53.67
42 15 26.71
42 16 70.39
42 17 57.90
42 18 13.96
42 19 62.67
42 20 67.17
42 21 49.48
42 22 66.31
42 23 11.01
42 24 12.20
42 25 60.38
42 26 44.11
42 27 25.30
42 28 26.79
42 29 67.12
42 30 15.87
42 31 65.27
42 32 75.57
42 33 53.63
42 34 50.31
42 35 33.90
42 36 61.46
42 37 52.08
42 38 44.26
42 39 96.39
42 40 84.10
42 41 35.65
42 42 0.00
42 43 52.54
42 44 44.79
42 45 46.04
42 46 58.89
42 47 62.07
42 48 67.55
42 49 47.98
43 0 57.67
43 1 74.45
43 2 57.41
43 3 79.69
43 4 23.49
43 5 110.16
43 6 110.97
43 7 82.89
43 8 23.61
43 9 64.58
43 10 109.08
43 11 115.30
43 12 113.97
43 13 63.87
43 14 52.81
43 15 25.83
43 16 122.93
43 17 110.44
43 18 63.17
43 19 115.21
43 20 88.32
43 21 70.64
43 22 118.85
43 23 63.54
43 24 64.74
43 25 112.92
43 26 65.27
43 27 39.77
43 28 26.32
43 29 119.65
43 30 64.51
43 31 117.81
43 32 54.41
43 33 74.79
43 34 55.38
43 35 61.93
43 36 114.00
43 37 30.92
43 38 96.80
43 39 148.93
43 40 62.94
43 41 29.22
43 42 52.54
43 43 0.00
43 44 84.72
43 45 84.63
43 46 80.05
43 47 114.61
43 48 120.09
43 49 43.12
44 0 78.00
44 1 74.00
44 2 81.61
44 3 9.65
44 4 91.75
44 5 62.40
44 6 26.25
44 7 16.94
44 8 61.11
44 9 20.87
44 10 30.73
44 11 49.35
44 12 48.02
44 13 85.36
44 14 85.85
44 15 70.21
44 16 38.21
44 17 61.55
44 18 58.75
44 19 56.55
44 20 22.38
44 21 38.41
44 22 60.82
44 23 33.78
44 24 40.78
44 25 43.53
44 26 35.33
44 27 57.48
44 28 58.97
44 29 43.78
44 30 28.91
44 31 33.09
44 32 120.36
44 33 56.71
44 34 95.10
44 35 22.78
44 36 32.60
44 37 96.87
44 38 44.29
44 39 64.22
44 40 128.89
44 41 80.43
44 42 44.79
44 43 84.72
44 44 0.00
44 45 90.83
44 46 22.98
44 47 42.12
44 48 38.89
44 49 80.16
45 0 26.96
45 1 99.34
45 2 27.22
45 3 100.48
45 4 91.67
45 5 28.43
45 6 70.30
45 7 107.78
45 8 61.02
45 9 69.97
45 10 60.11
45 11 140.18
45 12 138.86
45 13 20.76
45 14 85.76
45 15 58.80
45 16 82.30
45 17 29.29
45 18 32.09
45 19 34.28
45 20 113.21
45 21 95.53
45 22 34.22
45 23 57.05
45 24 50.05
45 25 47.30
45 26 90.16
45 27 64.66
45 28 58.88
45 29 47.06
45 30 61.92
45 31 66.71
45 32 34.52
45 33 99.68
45 34 29.26
45 35 79.95
45 36 58.23
45 37 60.75
45 38 46.54
45 39 64.30
45 40 38.05
45 41 55.41
45 42 46.04
45 43 84.63
45 44 90.83
45 45 0.00
45 46 104.94
45 47 48.72
45 48 51.94
45 49 80.07
46 0 92.11
46 1 51.02
46 2 95.72
46 3 17.96
46 4 68.77
46 5 76.51
46 6 49.24
46 7 14.52
46 8 60.69
46 9 34.97
46 10 47.35
46 11 35.25
46 12 33.92
46 13 99.47
46 14 62.86
46 15 84.31
46 16 61.19
46 17 75.65
46 18 72.85
46 19 70.66
46 20 10.17
46 21 15.42
46 22 74.92
46 23 47.89
46 24 54.89
46 25 57.64
46 26 14.78
46 27 40.28
46 28 53.73
46 29 57.92
46 30 43.02
46 31 56.08
46 32 134.46
46 33 33.73
46 34 109.21
46 35 24.99
46 36 52.27
46 37 110.97
46 38 58.40
46 39 87.20
46 40 142.99
46 41 94.54
46 42 58.89
46 43 80.05
46 44 22.98
46 45 104.94
46 46 0.00
46 47 56.22
46 48 58.36
46 49 57.17
47 0 56.94
47 1 103.89
47 2 57.20
47 3 51.76
47 4 121.64
47 5 20.29
47 6 21.58
47 7 59.06
47 8 91.00
47 9 50.03
47 10 11.39
47 11 91.47
47 12 90.14
47 13 50.74
47 14 115.74
47 15 88.78
47 16 33.58
47 17 19.43
47 18 51.44
47 19 14.43
47 20 64.49
47 21 68.30
47 22 18.70
47 23 51.07
47 24 49.87
47 25 1.68
47 26 65.22
47 27 87.37
47 28 88.86
47 29 5.05
47 30 50.09
47 31 17.99
47 32 78.24
47 33 86.60
47 34 59.23
47 35 52.67
47 36 9.51
47 37 90.73
47 38 17.80
47 39 34.33
47 40 86.77
47 41 85.38
47 42 62.07
47 43 114.61
47 44 42.12
47 45 48.72
47 46 56.22
47 47 0.00
47 48 5.48
47 49 110.05
48 0 62.42
48 1 109.37
48 2 62.68
48 3 48.54
48 4 127.13
48 5 23.51
48 6 18.36
48 7 55.84
48 8 96.48
48 9 55.51
48 10 11.01
48 11 88.25
48 12 86.92
48 13 56.22
48 14 121.22
48 15 94.26
48 16 30.36
48 17 22.65
48 18 56.92
48 19 17.66
48 20 61.27
48 21 73.78
48 22 21.93
48 23 56.55
48 24 55.35
48 25 7.17
48 26 70.71
48 27 92.85
48 28 94.34
48 29 4.88
48 30 55.58
48 31 14.77
48 32 81.46
48 33 92.09
48 34 64.71
48 35 58.15
48 36 6.29
48 37 96.21
48 38 23.29
48 39 28.84
48 40 89.99
48 41 90.87
48 42 67.55
48 43 120.09
48 44 38.89
48 45 51.94
48 46 58.36
48 47 5.48
48 48 0.00
48 49 115.53
49 0 55.18
49 1 31.33
49 2 58.79
49 3 75.13
49 4 19.63
49 5 105.60
49 6 106.41
49 7 71.69
49 8 23.76
49 9 60.02
49 10 104.52
49 11 72.18
49 12 70.85
49 13 62.54
49 14 9.69
49 15 47.38
49 16 118.37
49 17 105.88
49 18 58.61
49 19 110.65
49 20 67.34
49 21 41.75
49 22 114.29
49 23 58.98
49 24 60.18
49 25 108.36
49 26 44.82
49 27 22.68
49 28 21.19
49 29 115.10
49 30 59.95
49 31 113.25
49 32 97.53
49 33 31.67
49 34 72.28
49 35 57.38
49 36 109.44
49 37 74.04
49 38 92.24
49 39 144.38
49 40 106.06
49 41 57.61
49 42 47.98
49 43 43.12
49 44 80.16
49 45 80.07
49 46 57.17
49 47 110.05
49 48 115.53
49 49 0.00
